3.667910466054329355e+00
1.583399475862093198e+01
2.788535973535010370e+01
1.801169707981139467e+01
6.572128733690556501e+00
2.275952883163279150e+00
1.235819162106269076e+00
1.585893358067046233e+00
2.218758791874369862e+00
1.485522995722172723e+00
8.761271269186764465e-01
7.189521849364500783e-01
2.759204885621491798e-01
2.791302066627902867e-02
2.440873055594322549e-02
7.997450523483916329e-02
9.467405057092097287e-02
7.305280854909475263e-02
1.759860046422829019e-02
8.878778772615970481e-04
1.180928541371512866e-03
2.062799932118736940e-02
7.063389294542200825e-02
4.707080339949461234e-02
6.104810301482122697e-03
1.540901331170354985e-04
7.569367335628185141e-07
7.236464360218043397e-10
1.346403921149266587e-13
4.875356773709901103e-18
3.435734111915137871e-23
1.334844744176703664e-24
2.861209882739030385e-19
1.193620042754884991e-14
9.690910514547290520e-11
1.531246674105049617e-07
4.708773795773694255e-05
2.818075289759677804e-03
3.282308899026467608e-02
7.440264981363707564e-02
