1.164875302099179083e-01
1.204557031746388979e-01
1.236764483493328348e-01
1.261916256843875761e-01
1.280820392267753849e-01
1.294652844138728942e-01
1.304922658136486446e-01
1.313428492496557798e-01
1.322211652219079936e-01
1.333510710895366991e-01
1.349722086182009728e-01
1.373369692752605120e-01
1.407085160946239810e-01
1.453598262596499935e-01
1.515735330914314560e-01
1.596421800871069552e-01
1.698683710505688726e-01
1.825642233192316943e-01
1.980495146136999618e-01
2.166479613400759952e-01
2.386811746374360443e-01
2.644600021472742757e-01
2.942731661524201070e-01
3.283733372538243933e-01
3.669610206719126078e-01
4.101668633516288298e-01
4.580331995896096409e-01
5.104958284366272192e-01
5.673671476591939378e-01
6.283218486211740172e-01
6.928863973780473584e-01
7.604334832911443520e-01
8.301825012519478131e-01
9.012069411134088215e-01
9.724492837179025129e-01
1.042743646487926945e+00
1.110845989303972159e+00
1.175471199550877310e+00
1.235335851793698536e+00
1.289204922546518972e+00
1.335940283687301333e+00
1.374548453588730013e+00
1.404224904733202051e+00
1.424392251124364739e+00
1.434729889535542702e+00
1.435193141297129715e+00
1.426020603340588444e+00
1.407729209452569519e+00
1.381097345931707299e+00
1.347137171175657677e+00
1.307057970249910994e+00
1.262222863090342040e+00
1.214101434920539013e+00
1.164220858705369288e+00
1.114117854674631980e+00
1.065293432817612018e+00
1.019171862102423498e+00
9.770647836741542802e-01
9.401409074459855519e-01
9.094013583805137246e-01
8.856605017739638264e-01
8.695319798096002861e-01
8.614197127541077803e-01
8.615137163254379393e-01
8.697907106323197191e-01
8.860195942393148671e-01
9.097718871215128011e-01
9.404371825254620454e-01
9.772434839765941073e-01
1.019282053897175633e+00
1.065536095547995776e+00
1.114912272735243404e+00
1.166273788861850846e+00
1.218473542675041266e+00
1.270385787614464190e+00
1.320934766295759566e+00
1.369118976139900079e+00
1.414030034280576276e+00
1.454865522161885139e+00
1.490935663325027027e+00
1.521664175216737913e+00
1.546584088950558877e+00
1.565329704705672231e+00
1.577626107870718108e+00
1.583277787007721926e+00
1.582157858365255798e+00
1.574199217317330701e+00
1.559388623607357083e+00
1.537764316063708447e+00
1.509417284403361981e+00
1.474495847255259617e+00
1.433212744170591968e+00
1.385853589398283514e+00
1.332785293369465940e+00
1.274462959886199176e+00
1.211433824971471562e+00
1.144337014039587208e+00
1.073898239020014467e+00
1.000919003941153962e+00
9.262603928635786410e-01
