2.259871337825622817e+01
4.164345492318349784e+01
7.297361939421898569e+01
1.050549256150292052e+02
1.467040318395281986e+02
1.718491561691634502e+02
2.118847368404716747e+02
2.478416873045908631e+02
2.685536487745285967e+02
2.995064242723248640e+02
3.266852835559105870e+02
3.629696545868016528e+02
3.847800829890318823e+02
4.010053920467852890e+02
4.472394232726056771e+02
4.767285472536523230e+02
4.955356632641781971e+02
5.417318082584239392e+02
5.653512561593734063e+02
6.065974613437184644e+02
6.328063461088585200e+02
6.626979756622548621e+02
7.001899431627294916e+02
7.508022787688189510e+02
7.760852955209905986e+02
8.006153040171353723e+02
8.350361919043798480e+02
8.650885641998593201e+02
9.057545368304070053e+02
9.696715614582329863e+02
1.037794147277370939e+03
1.063712142386978030e+03
1.105251435664848714e+03
1.131502773496783902e+03
1.171617269509465359e+03
1.214310133533649605e+03
1.243052098745937883e+03
1.276402275925601998e+03
1.300092413631589579e+03
1.319422590513034038e+03
1.370495390012061307e+03
1.388153967195045880e+03
1.402871990395960438e+03
1.435449046997606501e+03
1.494166892686368556e+03
1.522679817406119355e+03
1.577883162394841293e+03
1.610206746831529244e+03
1.631394325922818552e+03
1.656973777037904938e+03
1.684527020131040899e+03
1.748855868674847216e+03
1.806914091362350291e+03
1.846810051196230461e+03
1.877440204954500359e+03
1.925391586045330087e+03
1.953241507130061564e+03
1.989185934609528204e+03
2.055600884527076687e+03
2.073385837541297860e+03
2.103899828676022480e+03
2.121317515561729579e+03
2.151221134213170444e+03
2.191601150216157748e+03
2.234737260494399834e+03
2.267496337621691055e+03
2.314458416879675497e+03
2.340708617921296536e+03
2.374389081545202316e+03
2.452502112503084845e+03
2.499453847214532288e+03
2.525624451657190093e+03
2.560791812276857854e+03
2.589890889970436547e+03
2.633636683281170917e+03
2.685698577602222485e+03
2.704366188395287736e+03
2.725834805633031920e+03
2.778678332892982326e+03
2.841077031169486872e+03
2.886071299962613921e+03
2.931883731453843211e+03
2.970941908157175931e+03
3.068668736579860251e+03
3.117508565142475618e+03
3.151961319369739158e+03
3.177386825300384317e+03
3.201761607783736054e+03
3.246996427755490458e+03
3.299668352499737921e+03
3.342151332606525557e+03
3.359642873124795642e+03
3.415568593840385802e+03
3.431987927773958290e+03
3.450998462538855620e+03
3.480897718979214915e+03
3.509239806604766272e+03
3.527488348411713559e+03
3.550403355315665976e+03
3.590555659700617980e+03
3.625101569313127584e+03
3.650956530431716146e+03
3.702536078154922052e+03
3.725110638807363102e+03
3.761630405270098890e+03
3.780344064366423481e+03
3.799710862461826764e+03
3.821256266541121477e+03
3.850680045943876394e+03
3.887826614276557848e+03
3.949967306558982727e+03
3.983560170695814122e+03
4.005634331051575373e+03
4.029457237171445740e+03
4.069789080832379113e+03
4.096169602379607568e+03
4.151670282655709343e+03
4.181289679576093476e+03
4.236562119533073201e+03
4.261997428767695965e+03
4.310661640697137955e+03
4.342303919901083646e+03
4.370079481624744403e+03
4.400913311030969453e+03
4.445940410719124884e+03
4.475503613132586906e+03
4.509770848838864367e+03
4.534648114602238820e+03
4.555798725659507909e+03
4.628701829634279420e+03
4.647888601507845124e+03
4.709094033539653537e+03
4.757025566933387381e+03
4.811892053081564882e+03
4.848056028975675872e+03
4.865469333121237469e+03
4.885603127720462908e+03
4.918454202457826796e+03
4.971064868193868278e+03
4.996076976020842267e+03
5.024210570502024893e+03
5.080678635932613361e+03
5.107725187721303882e+03
5.140658134675554720e+03
5.160253084946264607e+03
5.189481413872648773e+03
5.232831873379456738e+03
5.260511786374961957e+03
5.321356969495573139e+03
5.350306380081767202e+03
5.392808829981805502e+03
5.422138334033133106e+03
5.444684893234955780e+03
5.470294893009814587e+03
5.515442322271750527e+03
5.549047598522241060e+03
5.639160307340591316e+03
5.699310215712434911e+03
5.728158372566053913e+03
5.762934735691893366e+03
5.830163120915452055e+03
5.870134330737618257e+03
5.918560480556353468e+03
5.972529228953502752e+03
6.005376188188027299e+03
6.035058846731297308e+03
6.086471212193539031e+03
6.123156532692480141e+03
6.143750279813833004e+03
6.174601485359573417e+03
6.266864035411715122e+03
6.328318658881606098e+03
6.362151707519659794e+03
6.394767662447310613e+03
6.425615096243738662e+03
6.459318477121742944e+03
6.488633440886005701e+03
6.527567657623984815e+03
6.547519153334486873e+03
6.571265732730958916e+03
6.615837606371954280e+03
6.641966886819638603e+03
6.677549827195849502e+03
6.714068552611640371e+03
6.746562775269882877e+03
6.811072870438360951e+03
6.847112579924345482e+03
6.880316662483069194e+03
6.931388880015707400e+03
6.974925289743658141e+03
7.007206853389490789e+03
7.055328374344206168e+03
7.080062843486913152e+03
7.116455336067627286e+03
7.138898729991638902e+03
7.156314935230528135e+03
7.185338587540471963e+03
7.258847060597328891e+03
7.308480232700420856e+03
7.355841327703711613e+03
7.439217254268267425e+03
7.479495998476184468e+03
7.524197084063572220e+03
7.555596626873882087e+03
7.594102799984691046e+03
7.637222903362346187e+03
7.674025201721073245e+03
7.693595049778597968e+03
7.764277961272134235e+03
7.782736372730353651e+03
7.846022491361111861e+03
7.871189546044618510e+03
7.896130678268561496e+03
7.937849891972432488e+03
7.963141332577765752e+03
7.985257618392378390e+03
8.052711286593673321e+03
8.078955811596165404e+03
8.106149368532389417e+03
8.124489353270229913e+03
8.154692167694942327e+03
8.179252269765467645e+03
8.224093936799903531e+03
8.241665607273418573e+03
8.275951911800199014e+03
8.307305764726650523e+03
8.349841221944034260e+03
8.383678116682653126e+03
8.418385532755439272e+03
8.441960294575726948e+03
8.461603963846375336e+03
8.506823105014525936e+03
8.529357024334321977e+03
8.593462301031511743e+03
8.623635696289902626e+03
8.650313354872194395e+03
8.669505227720161201e+03
8.695562023878421314e+03
8.748308812108360144e+03
8.795105536448145358e+03
8.855541019467096703e+03
8.885179455599200082e+03
8.908159146114059695e+03
8.941813994848671427e+03
8.976423756664255052e+03
9.005662643475468940e+03
9.057779951781991258e+03
9.080765601473380229e+03
9.117454045173763006e+03
9.146376208109546496e+03
9.167277089252182122e+03
9.204581970252902465e+03
9.232078726848600127e+03
9.296292593080139341e+03
9.323192325662403164e+03
9.368326283569669613e+03
9.390511716853105099e+03
9.419649798306500088e+03
9.448625842156056024e+03
9.476822000726238912e+03
9.514574581722263247e+03
9.546657170720649447e+03
9.572617480749293463e+03
9.596316975326797547e+03
9.636928229157627356e+03
9.658411382974982189e+03
9.688887279820786716e+03
9.720322342865261817e+03
9.757890579975752189e+03
9.786835303022491644e+03
9.816957623229527599e+03
9.842482095445968298e+03
9.868252079388194034e+03
9.903011293141260467e+03
9.923917634124611141e+03
9.985146481504692929e+03
1.002659522624086458e+04
1.005406663988440414e+04
1.007993020129892284e+04
1.013242715527431028e+04
1.015114227901794402e+04
1.018699637280363095e+04
1.021533946652873783e+04
1.024177052021748204e+04
1.026758228618710928e+04
1.029717744786705225e+04
1.032193922249696516e+04
1.034771302150670272e+04
1.037799442925617768e+04
1.040639851825288315e+04
1.044223543108909871e+04
1.049145289208570466e+04
1.057545795411693871e+04
1.061977853249604232e+04
1.064175075017090967e+04
1.067905467537755067e+04
1.072205341445873091e+04
1.075884736594419155e+04
1.079393632721996437e+04
1.081656699670706439e+04
1.085778674653465168e+04
1.088194731183422846e+04
1.093873084005272358e+04
1.096124645983688970e+04
1.098491965280498334e+04
1.101883077160418179e+04
1.104692443241621186e+04
1.106945983537373286e+04
1.108822551594799916e+04
1.117420789086596233e+04
1.119607171993032716e+04
1.122223027433532661e+04
1.124495069586023237e+04
1.128286374031397281e+04
1.131508505798154874e+04
1.136276514037505694e+04
1.140516711882309937e+04
1.142892303810938938e+04
1.146837780026973451e+04
1.149189939352249712e+04
1.151864650590494966e+04
1.153737898772316112e+04
1.158862415629035422e+04
1.165452707070913493e+04
1.169171946042901436e+04
1.171968946571546985e+04
1.174672598215595099e+04
1.177470471224838548e+04
1.181622611176932878e+04
1.184224803415562383e+04
1.185871386638942931e+04
1.193682718693382412e+04
1.197956938827635167e+04
1.201008309554836160e+04
1.203529423756876349e+04
1.207059478762021536e+04
1.209599205793124020e+04
1.212512809469918102e+04
1.214624779042555019e+04
1.217427817264730584e+04
1.223164352842761764e+04
1.226299348801106680e+04
1.230227774419717389e+04
1.233888398398320169e+04
1.236361617582685358e+04
1.238615094827911707e+04
1.243240119949719519e+04
1.245482756586222968e+04
1.248428605226656146e+04
1.251341806955720676e+04
1.252753380340583863e+04
1.256567673972992816e+04
1.258787651040859600e+04
1.263247949703290942e+04
1.267040012598430803e+04
1.270203596052434477e+04
1.279890321975989355e+04
1.283332539402136172e+04
1.286876404915336389e+04
1.291016320876224017e+04
1.294749370554589404e+04
1.297802733989105582e+04
1.301712022173462901e+04
1.304171006510497500e+04
1.307100648678503421e+04
1.310010320694479742e+04
1.314067429168787748e+04
1.319671111516643577e+04
1.321621054525492218e+04
1.324250996224550909e+04
1.329342045857228914e+04
1.334295125511108199e+04
1.337353208327444372e+04
1.340938999050628263e+04
1.343194426978925003e+04
1.345586518162839639e+04
1.348636189149536222e+04
1.351037734656990142e+04
1.354348935436853571e+04
1.356357842841057754e+04
1.358949898055187441e+04
1.360773604085548141e+04
1.362517577559505844e+04
1.366129266436315629e+04
1.369579334350288991e+04
1.372121343508907739e+04
1.375041111682267547e+04
1.380823398802828706e+04
1.385091508752586378e+04
1.388642770321108219e+04
1.391862825379638343e+04
1.394179576868104959e+04
1.398981461711324664e+04
1.402089950238219171e+04
1.404035053623048952e+04
1.406871143344519987e+04
1.409605898304026232e+04
1.412620521883452784e+04
1.418667854671677560e+04
1.422539001532884140e+04
1.424593248588084498e+04
1.426973665537409215e+04
1.431235849987913025e+04
1.433983115526955771e+04
1.436648779749194364e+04
1.439687172222894515e+04
1.444298428588991192e+04
1.449926085225960924e+04
1.452338016581619740e+04
1.455479586861327152e+04
1.457909533992923571e+04
1.460159435811566982e+04
1.465345547369390442e+04
1.469822029960834880e+04
1.471892269828797362e+04
1.475896355900332128e+04
1.480577489132679148e+04
1.484742913645343106e+04
1.489315874178606464e+04
1.493438309112674506e+04
1.496425821549093052e+04
1.500941180829603763e+04
1.503072584975933387e+04
1.504518179723656249e+04
1.506883674375241571e+04
1.511267855012711880e+04
1.514486195367900291e+04
1.516729460674640723e+04
1.520415472952468372e+04
1.524279133044412265e+04
1.529904189765163392e+04
1.532331335525988470e+04
1.534461504612557474e+04
1.536608047345852901e+04
1.544271711479079568e+04
1.548116511933393303e+04
1.551953645120517649e+04
1.554010096975160013e+04
1.556606868414049859e+04
1.559820474294036649e+04
1.565790813046599396e+04
1.568217972084292160e+04
1.571004310359139708e+04
1.576214316154080734e+04
1.582630391869667073e+04
1.584376353990118332e+04
1.589454684710750553e+04
1.594619381492324646e+04
1.599423137532009059e+04
1.604283311064464942e+04
1.607536104911492657e+04
1.612508230959348111e+04
1.615154434122233579e+04
1.618773991461118021e+04
1.622138993808287341e+04
1.625487107716429637e+04
1.628136318485734591e+04
1.630070908728970062e+04
1.633180747219982004e+04
1.634792781773871502e+04
1.637267778938453557e+04
1.640309269062181920e+04
1.642517495627148674e+04
1.645608630528637150e+04
1.647724074814051346e+04
1.651350665502031552e+04
1.654760426786758035e+04
1.659726663607701994e+04
1.662601597285753087e+04
1.665151353224279592e+04
1.667144585312073468e+04
1.670557298998179976e+04
1.673070974795215807e+04
1.675398466462408032e+04
1.677554516986330782e+04
1.679773659380494064e+04
1.683105787133156264e+04
1.685794240772568810e+04
1.687600806952399580e+04
1.690791983432643246e+04
1.698235589978095231e+04
1.700169595696138640e+04
1.702808738464200724e+04
1.705755407459623530e+04
1.709074741574417567e+04
1.714008300079483888e+04
1.718821710975394308e+04
1.722132720318625070e+04
1.726504137255032765e+04
1.729690017941818951e+04
1.731812844040024720e+04
1.733448559985969769e+04
1.736197397682329392e+04
1.741093692869496226e+04
1.744910830531346437e+04
1.749100899404613665e+04
1.751052104452191634e+04
1.754998257854223630e+04
1.757620784035645556e+04
1.759941793817336293e+04
1.763092718791777224e+04
1.765298151204907845e+04
1.771264324217047397e+04
1.774052333848144917e+04
1.778121559044615424e+04
1.780912805585023671e+04
1.783598318714650304e+04
1.787146744160687012e+04
1.789682205588848228e+04
1.793309105817535965e+04
1.799684362033201614e+04
1.803585269863084977e+04
1.811315550758296740e+04
1.816562685776621220e+04
1.820604090222617015e+04
1.823118892200431947e+04
1.827396634437298053e+04
1.831827171417748468e+04
1.836427119253215642e+04
1.842550539773493074e+04
1.852137390315563607e+04
1.854718867674850480e+04
1.858253686458682205e+04
1.862158819866852718e+04
1.868292901575514043e+04
1.871383941027784385e+04
1.874107944968793527e+04
1.876985636116500609e+04
1.880899335664932369e+04
1.884018796117274542e+04
1.886344403300489284e+04
1.888780438560680341e+04
1.892574662367397832e+04
1.895258298859531351e+04
1.902343708848715323e+04
1.906563330529918676e+04
1.910792148673163319e+04
1.914982955744533319e+04
1.920487725104300262e+04
1.925744817240509292e+04
1.930303220765220976e+04
1.933835128802224062e+04
1.937591549503268470e+04
1.939454734705477676e+04
1.946509390224140225e+04
1.950750365272960698e+04
1.953067215797686367e+04
1.958050534855107981e+04
1.960303026416180001e+04
1.966900411308816911e+04
1.972303598373078785e+04
1.974986771742739802e+04
1.979828648245747900e+04
1.982750609022701246e+04
1.985525067044305615e+04
1.988040316235112186e+04
1.993097632213719044e+04
1.995452170235509038e+04
1.998162472136462020e+04
2.000466221766549643e+04
2.003176113086774421e+04
2.005665001729662254e+04
2.010494821599423085e+04
2.012532466433242735e+04
2.014469442400954722e+04
2.017464603271566011e+04
2.019575871100791483e+04
2.022478718719743847e+04
2.026262881132137773e+04
2.028076712730833970e+04
2.030755768583956160e+04
2.033592902352173405e+04
2.036427373049846574e+04
2.040951284459481030e+04
2.043797445788395635e+04
2.046152043678799600e+04
2.049757846642503864e+04
2.052817786334148332e+04
2.055699781312488267e+04
2.060677613085705525e+04
2.063235522357502850e+04
2.066312464600077874e+04
2.068652973151019251e+04
2.071274220570164471e+04
2.080022610125245774e+04
2.083121501697358326e+04
2.089501780346264422e+04
2.091517983853054830e+04
2.094672712839140149e+04
2.098042036172137523e+04
2.100469887505944280e+04
2.103675874912071959e+04
2.106791861150227851e+04
2.109678282969101201e+04
2.111734539433775717e+04
2.115529069234026974e+04
2.120368548085837756e+04
2.122252030395304973e+04
2.124239504110083726e+04
2.128110850800806293e+04
2.132901601487875087e+04
2.139622523087029913e+04
2.148254588797950055e+04
2.153017098817388978e+04
2.155260507978212263e+04
2.158558186676869082e+04
2.161854123120264194e+04
2.163979090172655197e+04
2.167666759616599666e+04
2.171225018694863320e+04
2.173524403377875569e+04
2.175032715581306547e+04
2.176629342802116298e+04
2.178575635260573836e+04
2.183061287535385054e+04
2.185391575132555590e+04
2.190979280283159096e+04
2.193201563828379221e+04
2.196950351558526745e+04
2.200006355686055758e+04
2.204298604385473300e+04
2.209032209253696783e+04
2.216096829741975307e+04
2.220273022748402218e+04
2.225317582465441956e+04
2.227759473286253342e+04
2.230002645748620489e+04
2.232005108497433685e+04
2.235419338611844432e+04
2.240136143738972169e+04
2.243562824238912435e+04
2.251970419344079710e+04
2.254760627342899170e+04
2.258888966771860578e+04
2.263447446039350689e+04
2.266554481491826664e+04
2.271136420112399355e+04
2.275145011654401969e+04
2.278141524854008094e+04
2.282158723889922476e+04
2.284439455288615136e+04
2.286688607188509559e+04
2.290641976851784784e+04
2.292958036056858691e+04
2.297288076114318392e+04
2.301798397384434429e+04
2.304422821668142933e+04
2.307274054226474982e+04
2.309632664824105450e+04
2.313790882768602751e+04
2.316522952374506713e+04
2.317761807456270253e+04
2.327330002958989644e+04
2.330984344681911534e+04
2.334507672284163345e+04
2.337046638263510977e+04
2.338902933784851120e+04
2.343417041366955527e+04
2.345154512589226943e+04
2.349364345711052010e+04
2.353394695298864826e+04
2.355485056997717402e+04
2.359089108989883971e+04
2.362090022977308399e+04
2.371546418078993520e+04
2.374593247757143399e+04
2.376914525838213012e+04
2.379695957444786472e+04
2.382048852814043130e+04
2.384560300814533548e+04
2.386987573122774484e+04
2.390972794271046223e+04
2.393815334091828117e+04
2.399547583878187288e+04
2.402429025411441398e+04
2.406698916596758500e+04
2.411418283101576890e+04
2.416158595458258424e+04
2.419052503791741401e+04
2.422760370714881356e+04
2.426898119642283200e+04
2.430334724857311812e+04
2.433337826126512300e+04
2.436987874949584875e+04
2.440091645461816006e+04
2.442510161988732943e+04
2.444360531211335910e+04
2.446389356247549222e+04
2.449178955704562395e+04
2.452793121666188381e+04
2.454856771692218535e+04
2.457316331726908902e+04
2.459409165321899491e+04
2.461463074192082786e+04
2.467012622452765208e+04
2.470402189568844187e+04
2.475050535876799404e+04
2.477618350512528923e+04
2.483169097433381467e+04
2.486947083448172270e+04
2.490537958914387491e+04
2.493103623886625428e+04
2.496376381336456325e+04
2.499467315934093858e+04
2.501930391334325395e+04
2.504951756823389587e+04
2.508719918999582660e+04
2.511564830754767172e+04
2.513731771005913834e+04
2.521120298198339151e+04
2.522804362108880741e+04
2.527531382605386898e+04
2.532015557385017382e+04
2.534776199677541081e+04
2.539125336097797117e+04
2.541575456960606607e+04
2.545434869481326314e+04
2.547874680014551996e+04
2.552666591508590500e+04
2.555992259936574919e+04
2.557684143423560818e+04
2.561200831599402227e+04
2.564825403165772514e+04
2.568378419917666179e+04
2.571944956990172432e+04
2.576009624633636122e+04
2.579990875631833114e+04
2.582598402938373329e+04
2.587751187379952171e+04
2.590407987598230829e+04
2.593693248531061545e+04
2.598509683773423603e+04
2.602936900815409172e+04
2.606003388937795171e+04
2.609191513948872671e+04
2.613735321206949448e+04
2.620530418916567578e+04
2.624517024547031906e+04
2.626455686497901843e+04
2.633363003835331256e+04
2.635590594685173710e+04
2.639386590136801533e+04
2.645217114281896647e+04
2.648205324007103263e+04
2.652106244626507396e+04
2.656231593017028354e+04
2.661334254474125191e+04
2.664206673200075966e+04
2.668031949950555645e+04
2.670802199678439865e+04
2.673164423937285392e+04
2.677117410934386498e+04
2.679997926082652702e+04
2.686285043921872784e+04
2.689623817118842271e+04
2.693100357800033089e+04
2.698831889177542325e+04
2.703952487437705713e+04
2.706231038956225166e+04
2.709123831897219497e+04
2.712775665887858486e+04
2.716991024789316725e+04
2.719089844389753853e+04
2.723156143213401810e+04
2.725612739166188476e+04
2.728255126654417472e+04
2.734812345384317086e+04
2.738452137481809041e+04
2.744067994213608836e+04
2.747388695233378166e+04
2.752037446065946642e+04
2.754780972388044029e+04
2.757741177300535855e+04
2.761558001963481729e+04
2.764222226401042644e+04
2.767917590195199955e+04
2.771087777767333318e+04
2.773524597118195015e+04
2.779428441506994204e+04
2.781584978168319503e+04
2.784553544308557684e+04
2.787981747001312760e+04
2.790041272076987661e+04
2.792523287379320027e+04
2.795224572035653182e+04
2.798407215782087223e+04
2.800703922406851416e+04
2.802785529656932704e+04
2.805555835795091480e+04
2.808212234187098511e+04
2.812158677940292182e+04
2.814367597892955746e+04
2.816146020815211523e+04
2.818380473355816503e+04
2.821723577211023439e+04
2.823868390906010609e+04
2.830447358226327560e+04
2.833063329825389883e+04
2.835644452913556233e+04
2.838430973216198981e+04
2.847232268638396636e+04
2.850718673950255470e+04
2.853953675498576558e+04
2.856567322941962266e+04
2.863090087532388861e+04
2.867207113347029008e+04
2.872050465217069723e+04
2.874241029970985983e+04
2.879480763471639148e+04
2.884643918929406573e+04
2.886997899111777951e+04
2.889115148861598573e+04
2.891843734059566850e+04
2.894715041582925551e+04
2.898229535789409056e+04
2.902509607373039398e+04
2.905460474830871317e+04
2.908979058127344251e+04
2.911082810831792813e+04
2.913684012868965510e+04
2.918129688001653631e+04
2.919910518915250941e+04
2.922843886460026988e+04
2.925378102640906218e+04
2.928361307949592447e+04
2.932832894951091657e+04
2.940345345144507519e+04
2.942911881568153694e+04
2.945464327417184904e+04
2.947788511291818213e+04
2.949685785531170404e+04
2.952329545265258639e+04
2.956943570489570266e+04
2.959370143956320680e+04
2.965409169670202391e+04
2.971516479207219891e+04
2.976395248971036926e+04
2.978820113595292059e+04
2.982373637079900800e+04
2.986128654355877006e+04
2.989380613079648901e+04
2.993276349927981573e+04
2.996602754936709607e+04
3.002729055287447773e+04
3.008600586553991889e+04
3.011575675931542355e+04
3.013283916614572445e+04
3.017377046074694226e+04
3.020372825135855965e+04
3.023860790105945489e+04
3.026517190082194065e+04
3.031639530073363858e+04
3.035322120496399293e+04
3.038647478498592682e+04
3.041239978999609957e+04
3.043612471020856174e+04
3.048391074959435718e+04
3.052280105309869759e+04
3.055192754462676749e+04
3.057538640914991265e+04
3.060502342646924444e+04
3.063154341304902482e+04
3.066344164343126613e+04
3.071367940805635590e+04
3.074882025626349787e+04
3.078348992369356711e+04
3.082228502632799064e+04
3.085604500082682716e+04
3.087897112732222013e+04
3.090252917543639342e+04
3.094693819196081313e+04
3.096559252701581136e+04
3.099034056148961463e+04
3.102279969009395063e+04
3.107096842592413304e+04
3.112038024870110166e+04
3.114723063043082220e+04
3.117037571676008884e+04
3.120923450895420683e+04
3.123947255604978636e+04
3.125870524408723213e+04
3.127967482673328414e+04
3.130991128616205606e+04
3.132706502394243580e+04
3.137324856993681533e+04
3.139706766532732581e+04
3.142931419057431413e+04
3.145718248599796061e+04
3.148374521176080452e+04
3.152469509373055189e+04
3.156308115220865875e+04
3.158954713243876176e+04
3.161012977721261632e+04
3.163650473635633534e+04
3.168075396174509297e+04
3.170936206925733131e+04
3.175438811833638101e+04
3.177658388555067722e+04
3.181283688709067428e+04
3.183863739133926720e+04
3.187529169649356481e+04
3.190648540818085894e+04
3.194907788504520067e+04
3.197650288242689930e+04
3.200295169694699871e+04
3.204452788599416090e+04
3.207530719553050221e+04
3.210795871060992431e+04
3.216464358026391346e+04
3.220135042323952803e+04
3.223682119264239373e+04
3.226252203153559822e+04
3.228945235999600118e+04
3.230957649822605526e+04
3.235464141386926713e+04
3.238552350723243944e+04
3.241112638941038676e+04
3.244492597555811881e+04
3.247294503460037595e+04
3.250623370046235868e+04
3.254802065818707706e+04
3.259058893370590886e+04
3.262484109509139307e+04
3.266151762369643620e+04
3.268872182589821023e+04
3.276072437927422652e+04
3.278346225078576390e+04
3.284054729109923937e+04
3.291015097704957589e+04
3.293180056817345758e+04
3.296197704859775695e+04
3.299500649843887368e+04
3.303259516458001599e+04
3.310536415522746393e+04
3.312882970542318071e+04
3.314483761170846992e+04
3.317031884604130755e+04
3.323494846013470669e+04
3.327994530842825770e+04
3.330337665117773577e+04
3.333002805237954453e+04
3.335823226851977233e+04
3.338849431709788041e+04
3.340902051847956318e+04
3.343438559943833388e+04
3.345905623836400628e+04
3.348624864051358600e+04
3.351431509072392510e+04
3.354818670327551081e+04
3.360493381420624064e+04
3.365826134523483779e+04
3.368787984270317975e+04
3.372901522220313927e+04
3.375320640107412328e+04
3.378893909520818124e+04
3.381141939815087972e+04
3.385308746573942335e+04
3.388766048637323547e+04
3.392325843987096596e+04
3.395074699699113262e+04
3.398174985550187557e+04
3.401203539742855355e+04
3.408841015846417577e+04
3.414400753191541298e+04
3.417772789633263892e+04
3.420703690085145354e+04
3.423738664400592097e+04
3.427708001752577547e+04
3.434911425302884891e+04
3.436651008553420979e+04
3.440316025190483197e+04
3.443977772057053517e+04
3.447421267149844789e+04
3.451548990231399512e+04
3.453817877600494830e+04
3.456631234607542137e+04
3.459416219916116097e+04
3.462781998080330231e+04
3.467402677542631864e+04
3.469779695778006135e+04
3.473114481813753082e+04
3.476181156715584802e+04
3.479358914308990643e+04
3.483087161291677330e+04
3.486106900004883209e+04
3.488987397152750054e+04
3.492563977255411010e+04
3.494064512787927379e+04
3.496591419317718101e+04
3.501228324836440879e+04
3.503888393258242286e+04
3.506567519107224507e+04
3.508494206156881410e+04
3.510393706721392664e+04
3.512924230854165216e+04
3.518343643064580829e+04
3.521884513914743729e+04
3.524632407191333186e+04
3.526638165071446565e+04
3.530356607940831600e+04
