2.102778650714045398e+03
4.728704627795030319e+03
7.515811217961247166e+03
1.033535052253327376e+04
1.235487389904759584e+04
1.434868722982521649e+04
1.660472712830387172e+04
1.852008000882387569e+04
2.078084201701601705e+04
2.260585533568913525e+04
2.484136029704350221e+04
2.655456872812040820e+04
2.844175616401943989e+04
3.073800442430037219e+04
3.312616033495816373e+04
3.497062481080591533e+04
3.664833315928621596e+04
3.930179686983110878e+04
4.083810022026805382e+04
4.263111598685588251e+04
4.428837895666377881e+04
4.618411484232026851e+04
4.820913933228932001e+04
4.997767511197556450e+04
5.192320850330014218e+04
5.374895676050063776e+04
5.617655427795610740e+04
5.818905767211501370e+04
6.025967095477644762e+04
6.193652070249443204e+04
6.381904850105038349e+04
6.572789033132365148e+04
6.726638148094425560e+04
6.891248039241494553e+04
7.077845311714557465e+04
7.303857743463675433e+04
7.489040240334007831e+04
7.658773355731669290e+04
7.911632335781477741e+04
8.090450102216287632e+04
8.292255159172741696e+04
8.469458686577198387e+04
8.663228076385092572e+04
8.831634124068456003e+04
8.953414105930519872e+04
9.163674626863497542e+04
9.304035660830869165e+04
9.456157844239700353e+04
9.630522600149348727e+04
9.793229892847551673e+04
9.979231560273875948e+04
1.011675538494992070e+05
1.027314258187229279e+05
1.043206916017641634e+05
1.057472079562061263e+05
1.073128150568849233e+05
1.095066857543146471e+05
1.111152693597036268e+05
1.129618654192500107e+05
1.145861097602695227e+05
1.161660254372885247e+05
1.179371424132519314e+05
1.196592105063148047e+05
1.210836585587669688e+05
1.235077524862192804e+05
1.247068608476708760e+05
1.263152747435031924e+05
1.281379884583415842e+05
1.298174260378244944e+05
1.315498809500308707e+05
1.333214910319945484e+05
1.348239704340137541e+05
1.367041273995857628e+05
1.382929351558872731e+05
1.398400386405050231e+05
1.414966284347245237e+05
1.429078173891432234e+05
1.443632485986331885e+05
1.459342629514936416e+05
1.473388109845057188e+05
1.491971278692463529e+05
1.508384557741039316e+05
1.520366666351441236e+05
1.539497260047348682e+05
1.555726069246165280e+05
1.569855002331297728e+05
1.585269640308383678e+05
1.599861454673480475e+05
1.616695880254676158e+05
1.628913142491606995e+05
1.644162535143175046e+05
1.665665723031340458e+05
1.681300497908736870e+05
1.694380805166497885e+05
1.709781544290992315e+05
1.725140237805705692e+05
1.738633667988484958e+05
1.755438944088016870e+05
1.771736215929635800e+05
1.786411105623593903e+05
1.805004823745586909e+05
1.821544606857071049e+05
1.834088068303750188e+05
1.845322278007369896e+05
1.858339487332328572e+05
1.876513707779736724e+05
1.891340441817955580e+05
1.908475351886025455e+05
1.925658851529709646e+05
1.940299953610353696e+05
1.957085666231465293e+05
1.969459259750665224e+05
1.987630707098931307e+05
2.002842731035528122e+05
2.018093958149208338e+05
2.036528997225571948e+05
2.047312726024562144e+05
2.062212282271748991e+05
2.076372196924456512e+05
2.091856160551187641e+05
2.109385685734876606e+05
2.127081761784397240e+05
2.142421751797638426e+05
2.161832617382455501e+05
2.183013045980332827e+05
2.196707303178971924e+05
2.212380536149681429e+05
2.225354520805907960e+05
2.238059130585794337e+05
2.253705330550812359e+05
2.269940884638518910e+05
2.282263932358040183e+05
2.295259567620588350e+05
2.307964418092210253e+05
2.324561903400344017e+05
2.337167947966393549e+05
2.349985940456201788e+05
2.363050441171473649e+05
2.374771757578430406e+05
2.393469164192287135e+05
2.408970146174519032e+05
2.424289844572406728e+05
2.437672066698115086e+05
2.451259277087822556e+05
2.464926275722238643e+05
2.481805141918394365e+05
2.494025478679219668e+05
2.506665189716905588e+05
2.520095552693304489e+05
2.533603308082720323e+05
2.549575706059986551e+05
2.563931684529048798e+05
2.579918722624402435e+05
2.599011304477138328e+05
2.612990879678573110e+05
2.627068201000491390e+05
2.640928919503103243e+05
2.657345371601879597e+05
2.668290467571403133e+05
2.682858129806672805e+05
2.699255770041351789e+05
2.715068048902300070e+05
2.726559828192702844e+05
2.737326265770919854e+05
2.749382141041087452e+05
2.764556331690170919e+05
2.776375556611083448e+05
2.790920462194027496e+05
2.808586630822867155e+05
2.821995224637173815e+05
2.837681500754836015e+05
2.854255896772216656e+05
2.869708345899239648e+05
2.880864497289094725e+05
2.890133740010969923e+05
2.906489556551019195e+05
2.917184428797255387e+05
2.931568553740978823e+05
2.945591004024373251e+05
2.957380357155918027e+05
2.971184778165525640e+05
2.992163940611204016e+05
3.005537708203838556e+05
3.017945541453721817e+05
3.030508698456266429e+05
3.045305681567716529e+05
3.058402972468535299e+05
3.073370138418930583e+05
3.084205234620423289e+05
3.098064495021729381e+05
3.113472030308113317e+05
3.127083124396011117e+05
3.142519381587905227e+05
3.155756217869408429e+05
3.172219861786395195e+05
3.184121159877763712e+05
3.197426224137581303e+05
3.207816801804130082e+05
3.225072005642050644e+05
3.240007579013498616e+05
3.252454780244647409e+05
3.266327435655687586e+05
3.278877970554975327e+05
3.291458991839345545e+05
3.305428997552295332e+05
3.319775959950111574e+05
3.334355800309918704e+05
3.347826579298207653e+05
3.361819555628357921e+05
3.375671162946172990e+05
3.387400769089417299e+05
3.401643994245411595e+05
3.417534818477510125e+05
3.430590451391098904e+05
3.443421995472459821e+05
3.455941204439872527e+05
3.472126812852007570e+05
3.485946703941837186e+05
3.503099798320941627e+05
3.514078921254010638e+05
3.526009087283277186e+05
3.538160671824855381e+05
3.550434088726906339e+05
3.563910783287930535e+05
3.575648040716300020e+05
3.590220231021814398e+05
3.601484150155500392e+05
3.616035600396142690e+05
3.628397664332921850e+05
3.640659574423735030e+05
3.656759193917912198e+05
3.670122093564083916e+05
3.682633186657525366e+05
3.698496475532774930e+05
3.713628702342504985e+05
3.726583744021882885e+05
3.738505909601704916e+05
3.748566359473392367e+05
3.759519843979128054e+05
3.772800141743441927e+05
3.783346507941553136e+05
3.796449483194483910e+05
3.807596209320900380e+05
3.820673124215275166e+05
3.835627831838640850e+05
3.847075176545614377e+05
3.859077446080618538e+05
3.870835942641686997e+05
3.883961743807599414e+05
3.894585198042854900e+05
3.907004320772566716e+05
3.920988324445098988e+05
3.932170136082923273e+05
3.947945114572019083e+05
3.960885378838807810e+05
3.975335271052914322e+05
3.989463366693193093e+05
4.003132414503182517e+05
4.016152726843717974e+05
4.028591457661237218e+05
4.040787005307672662e+05
4.053824044168142136e+05
4.065899934153258801e+05
4.077303570005974034e+05
4.086746157341545331e+05
4.099884178923920845e+05
4.110158478371861274e+05
4.122637763840361731e+05
4.134152682033849997e+05
4.149278372323628864e+05
4.160404702902626013e+05
4.175275932191440370e+05
4.187234515350647271e+05
4.204193567966439878e+05
4.219792924555815989e+05
4.229698939406356658e+05
4.240820132037830190e+05
4.250279606654883246e+05
4.263642466743771802e+05
4.274891711671336670e+05
4.286620362894969876e+05
4.299004258687963593e+05
4.312212738132366212e+05
4.324972461732154479e+05
4.335898159581572399e+05
4.347997511806993862e+05
4.359950149770139251e+05
4.372604331696291920e+05
4.387750628640130162e+05
4.398413068962916150e+05
4.412313564306324115e+05
4.424648008385456633e+05
4.436539706341628334e+05
4.451619024571319460e+05
4.464095295583262923e+05
4.476177961829223204e+05
4.487161204925982165e+05
4.495778808600107441e+05
4.510330497087012045e+05
4.520748608564642491e+05
4.533766203195460839e+05
4.543829836886793491e+05
4.553952518943655305e+05
4.568150400737816817e+05
4.580839740671021864e+05
4.592312696771263727e+05
4.605688172587103327e+05
4.618779966663665837e+05
4.630861852664503967e+05
4.641377198151110206e+05
4.655811685014790273e+05
4.669506760192232905e+05
4.679088259155348060e+05
4.691496038933243253e+05
4.705770533141425112e+05
4.715830151729140198e+05
4.730040421338798478e+05
4.741509828424460720e+05
4.750929106439080788e+05
4.763841584396259859e+05
4.777990625258806976e+05
4.788146671618561377e+05
4.800981888500615023e+05
4.814041120640849113e+05
4.823772467581388773e+05
4.835089770821344573e+05
4.844495190090294345e+05
4.857685545246995171e+05
4.868356777607672848e+05
4.882986952774169040e+05
4.894688974468719098e+05
4.907429252798627713e+05
4.918711511014403077e+05
4.929456730699368054e+05
4.943790589264969458e+05
4.952163306518476456e+05
4.966258774052293156e+05
4.976693574987961329e+05
4.988548534129338805e+05
5.000044210462704650e+05
5.011330503037623130e+05
5.024410576435980038e+05
5.033795062326353509e+05
5.048985102419100585e+05
5.059994612171208137e+05
5.073219985038214363e+05
5.087644510005431366e+05
5.101862217414779589e+05
5.114906071348923142e+05
5.128136670449367375e+05
5.140625166139772045e+05
5.154577177888201550e+05
5.165798113393465173e+05
5.177396813814429916e+05
5.192950956374146044e+05
5.206892740202003624e+05
5.217371590558942407e+05
5.228668045503666508e+05
5.242787994096987532e+05
5.254379508416971657e+05
5.263642566226550844e+05
5.275672391555003123e+05
5.290657991532814922e+05
5.306518908911786275e+05
5.315068149915233953e+05
5.329388354404439451e+05
5.339863790368415648e+05
5.351409477715567918e+05
5.363728223172137514e+05
5.375287060605786974e+05
5.383872195033424068e+05
5.392746369565530913e+05
5.404928588978227926e+05
5.418164544131229632e+05
5.428630517516556429e+05
5.437428538449290209e+05
5.449738083137421636e+05
5.462180143656381406e+05
5.473564011044077342e+05
5.483736053148446372e+05
5.495188543233053060e+05
5.506828309916168218e+05
5.519186239632052602e+05
5.530271001172533724e+05
5.546076728603855008e+05
5.559242748907550704e+05
5.571931822864986025e+05
5.580841776683810167e+05
5.590707402088113595e+05
5.600321436893697828e+05
5.617328925112382276e+05
5.630342914033781271e+05
5.638880551463603042e+05
5.654198297142930096e+05
5.664451659617526457e+05
5.675340411140412325e+05
5.687166124686310068e+05
5.699660866684125504e+05
5.710756442028912716e+05
5.723731974658688996e+05
5.734425332389001269e+05
5.746145157853462733e+05
5.757868182944882428e+05
5.769636886251709657e+05
5.780609161633661715e+05
5.795357441372745670e+05
5.807372818316791672e+05
5.819447167774464469e+05
5.833690663283314789e+05
5.846470150650875876e+05
5.857842322148788953e+05
5.874204435870745219e+05
5.886678258396872552e+05
5.903558811693998287e+05
5.918458929472627351e+05
5.933442600307989633e+05
5.944053838636998553e+05
5.958781822816850618e+05
5.971796085305792512e+05
5.987826634783843765e+05
5.999396517243275885e+05
6.011374674135209061e+05
6.025529906059337081e+05
6.039874110788524849e+05
6.052483507691575214e+05
6.063477334668546682e+05
6.074858417102840031e+05
6.085415795600357233e+05
6.096676660075390246e+05
6.111618146324581467e+05
6.127419081068119267e+05
6.136794730041431030e+05
6.148308085459178546e+05
6.158347090151606826e+05
6.167396465434576385e+05
6.179499638925810577e+05
6.190407145939550828e+05
6.203717744217453292e+05
6.212246795484243194e+05
6.224862547727815108e+05
6.239829748603998451e+05
6.252525232444700086e+05
6.262662166368757607e+05
6.274486599862164585e+05
6.283708687961664982e+05
6.296868221663541626e+05
6.305778359344897326e+05
6.318916615316024981e+05
6.326657029238481773e+05
6.341031958662888501e+05
6.352525483846649295e+05
6.361581012757915305e+05
6.371093954610126093e+05
6.381427312418525107e+05
6.393057480712786783e+05
6.403176030416641152e+05
6.411909454141978640e+05
6.421437841649680631e+05
6.432154244641239056e+05
6.441555382810083684e+05
6.456322599047548138e+05
6.466470076258409536e+05
6.479171920702887001e+05
6.493286101006891113e+05
6.505688810516656376e+05
6.514522693996885791e+05
6.527042537721511908e+05
6.536744355038071517e+05
6.545347802220436279e+05
6.556463346585223917e+05
6.567691537395763444e+05
6.578767749209421454e+05
6.589004059801710537e+05
6.602992525898006279e+05
6.614531668434852036e+05
6.627536650933513884e+05
6.639361588063476374e+05
6.652588620807415573e+05
6.663322634882777929e+05
6.676077266155672260e+05
6.685178537666925695e+05
6.698607555742975092e+05
6.711787209266116843e+05
6.721665812057766598e+05
6.733343086777381832e+05
6.744149173445629422e+05
6.753341116875973530e+05
6.767151254875328159e+05
6.778600548202065984e+05
6.790234523680072743e+05
6.800317027820921503e+05
6.811423083568438888e+05
6.822325179723441834e+05
6.838184314920584438e+05
6.846406683850741247e+05
6.856896956416434841e+05
6.866769896002887981e+05
6.879921186105171219e+05
6.890994357520367485e+05
6.903276028387747938e+05
6.913129807745746803e+05
6.929794675238726195e+05
6.943505919087735238e+05
6.956020847412456060e+05
6.963727440357416635e+05
6.974350178702924168e+05
6.986725028977448819e+05
6.996174809206633363e+05
7.008218579767454648e+05
7.020945750939351274e+05
7.033393564468133263e+05
7.043911330295824446e+05
7.053034933947979007e+05
7.063553430049096933e+05
7.073709925091697369e+05
7.082891384735510219e+05
7.092800124172269134e+05
7.101531426764630014e+05
7.111100745170967421e+05
7.121511244558887556e+05
7.133551766282999888e+05
7.142714770419421839e+05
7.154634485343614360e+05
7.164110850278731668e+05
7.174856925702308072e+05
7.184087229557922110e+05
7.195543893792690942e+05
7.208911557503221557e+05
7.220961840826527914e+05
7.228813881208117818e+05
7.240331472666356713e+05
7.253368813382661901e+05
7.266263940080654575e+05
7.278778080178467790e+05
7.290023201093148673e+05
7.300451416914017173e+05
7.314276287599315401e+05
7.325512930829037214e+05
7.334796507946937345e+05
7.347770914193983190e+05
7.361721489016445121e+05
7.373865308943922864e+05
7.385394096719110385e+05
7.396646831008050358e+05
7.407798041085724253e+05
7.419197721562865190e+05
7.432102484215437435e+05
7.441975931798546808e+05
7.451863061958278995e+05
7.466025244251266122e+05
7.476865850017608609e+05
7.485655426166398684e+05
7.496585835548762698e+05
7.506972252592553850e+05
7.519665366180135170e+05
7.531046879276104737e+05
7.541088812700270209e+05
7.552613547061120626e+05
7.563840319462713087e+05
7.574366136861131527e+05
7.589433413192514563e+05
7.599149605958450120e+05
7.611782249009346124e+05
7.625079737685665023e+05
7.637418546791871777e+05
7.649197286688558524e+05
7.658508995399010601e+05
7.667759361319327727e+05
7.675780437074144138e+05
7.685359360758416587e+05
7.694502104687750107e+05
7.705667970030652359e+05
7.715419414265966043e+05
7.723086373538667103e+05
7.732836475633181399e+05
7.743296574420013931e+05
7.755180141683985712e+05
7.764166005111822160e+05
7.777351839329671348e+05
7.787557971845358843e+05
7.797622049179286696e+05
7.807855532483446877e+05
7.817538435250547482e+05
7.830885884922408732e+05
7.842547429976620479e+05
7.851180354726008372e+05
7.860491158376330277e+05
7.872075796714285389e+05
7.883264985423476901e+05
7.893811837296613958e+05
7.905154384748956654e+05
7.915282586076839361e+05
7.925660428023284767e+05
7.935019152416372672e+05
7.947175263685629470e+05
7.958219429557763506e+05
7.966803828405693639e+05
7.978190278151514940e+05
7.989948043379263254e+05
8.000296121082319878e+05
8.009353256901866989e+05
8.021562866826999234e+05
8.032709726735273143e+05
8.044333992818639381e+05
8.055345244768687990e+05
8.064318222356040496e+05
8.077005442648633616e+05
8.089550101478815777e+05
8.099858840977080399e+05
8.111330907049592352e+05
8.122827120979130268e+05
8.134666534837469226e+05
8.144470777333164588e+05
8.153322115685777972e+05
8.163000932321229484e+05
8.174669844970915001e+05
8.185726029010530328e+05
8.197269176441708114e+05
8.208766603211798938e+05
8.218459117767878342e+05
8.225984020672776969e+05
8.236498818167365389e+05
8.246809094623692799e+05
8.257375526298613986e+05
8.269694366025824565e+05
8.281055378754505655e+05
8.292216719374846434e+05
8.301529550472323317e+05
8.310995548223969527e+05
8.319745783985467860e+05
8.329715452534842771e+05
8.340578467326605460e+05
8.352141879079903010e+05
8.362833691218489548e+05
8.372970292005784577e+05
8.384225410449125338e+05
8.391765454328043852e+05
8.401086366420204286e+05
8.410212030442183604e+05
8.419777609989647754e+05
8.429690212767174235e+05
8.443329105918139685e+05
8.451500513048081193e+05
8.460320597980062012e+05
8.468629448883046862e+05
8.476617648527589627e+05
8.490107309645831119e+05
8.498801755080664298e+05
8.507537048597713001e+05
8.517825362738517579e+05
8.525130860131607624e+05
8.537523143072593957e+05
8.548587925355039770e+05
8.560516987989539048e+05
8.570469725388874067e+05
8.578044748220257461e+05
8.588258087526548188e+05
8.600152971006238367e+05
8.609556626170242671e+05
8.620744058357767062e+05
8.630705744601209881e+05
8.639635223914741073e+05
8.649095202548344387e+05
8.661140914553618059e+05
8.670692288640622282e+05
8.680617134301733458e+05
8.690107234657970257e+05
8.699901199469915591e+05
8.709594446671477053e+05
8.719360354517805390e+05
8.726543925610699225e+05
8.739544098295026924e+05
8.753255503046163358e+05
8.764510437602687161e+05
8.776686784952417947e+05
8.787370978240477853e+05
8.799026559670686256e+05
8.807442300023796270e+05
8.818381380208509509e+05
8.826592389296269976e+05
8.836816929065469885e+05
8.847521654610786354e+05
8.859094714605138870e+05
8.870128778152988525e+05
8.879834766919160029e+05
8.889957003222255735e+05
8.904035882167791715e+05
8.916054617908560904e+05
8.924318066550681833e+05
8.934484869701346615e+05
8.947103385094449623e+05
8.956644527138069971e+05
8.970853671074103331e+05
8.979861038017637329e+05
8.987759168578314129e+05
8.995189876687237993e+05
9.005801485353555763e+05
9.016721894903869834e+05
9.028032190063680755e+05
9.039804491450920468e+05
9.051006435323153855e+05
9.061846686038139742e+05
9.073412351563142147e+05
9.085607146576348459e+05
9.097847928226121003e+05
9.108652040855371160e+05
9.119548740286638495e+05
9.130181997811432229e+05
9.139499836506330175e+05
9.149872928523438750e+05
9.160341554291291395e+05
9.171929446800620062e+05
9.181414893501533661e+05
9.190825648743587080e+05
9.199087377312144963e+05
9.208022992257353617e+05
9.218965326134765055e+05
9.231420595628287410e+05
9.241257112573055783e+05
9.250026662244959734e+05
9.261077527063761372e+05
9.270998005519679282e+05
9.283588317650483223e+05
9.293567881830817787e+05
9.303785315674508456e+05
9.314779798847732600e+05
9.325677894810924772e+05
9.337225114582640817e+05
9.351087729721536161e+05
9.361896247041816823e+05
9.372693789503371809e+05
9.382806262278237846e+05
9.392134522614985472e+05
9.401801386512010358e+05
9.411619669775764924e+05
9.421332540223001270e+05
9.432495224912724225e+05
9.440470085958887357e+05
9.451128385428147158e+05
9.457564241405195789e+05
9.468595892881902400e+05
9.479283603864484467e+05
9.490749365917457035e+05
9.500696486198651837e+05
9.512499162828356493e+05
9.522929948651927989e+05
9.534819727791425539e+05
9.543113101178994402e+05
9.555045762128171045e+05
9.567804242993849330e+05
9.578466297224899754e+05
9.587754574497272260e+05
9.597265014480879763e+05
9.608466558282126207e+05
9.620377712464097422e+05
9.630240351381351938e+05
9.639883967787638539e+05
9.652546115319617093e+05
9.665066323298603529e+05
9.675555187150600832e+05
9.686779367986833677e+05
9.695877680033788783e+05
9.704354745804332197e+05
9.713266834044512361e+05
9.728269865759483073e+05
9.740269436122126644e+05
9.751765127974885982e+05
9.758355860189498635e+05
9.768287042319392785e+05
9.781102567518249853e+05
9.792961915463729529e+05
9.803889549828376621e+05
9.812581374341794290e+05
9.822450357710530516e+05
9.834562871956550516e+05
9.846475834356587147e+05
9.857401643510593567e+05
9.869657118529919535e+05
9.881198543464194518e+05
9.891339200247530825e+05
9.900404161377435084e+05
9.910475079680531053e+05
9.924979203290451551e+05
9.936368534428895218e+05
9.948510034426043276e+05
9.956716907202872681e+05
9.967738742857996840e+05
9.976887136274118675e+05
9.988114243211690336e+05
9.998624509117960697e+05
1.000808080322180875e+06
1.001681024002715247e+06
1.002624850791179691e+06
1.003209902529926389e+06
1.004417600844455650e+06
1.005670231081715436e+06
1.006866434052514727e+06
1.007865450258190860e+06
1.008951504046363756e+06
1.009722080184867140e+06
1.010895280532425386e+06
1.011559856869228417e+06
1.012477411173153785e+06
1.013363582299445290e+06
1.014242458735625842e+06
1.015361753415531828e+06
1.016433387992405449e+06
1.017195770740555832e+06
1.018073141387360403e+06
1.019125910263392492e+06
1.020184129804466269e+06
1.021509538035902777e+06
1.022535609816706157e+06
1.023387849536967929e+06
1.024477507412544917e+06
1.025328623577847145e+06
1.026315657182455063e+06
1.027345894137078198e+06
1.028421057875497965e+06
1.029520540505188401e+06
1.030639568336188328e+06
1.032150064783009933e+06
1.033113462101407233e+06
1.034064068763599964e+06
1.035388111366062425e+06
1.036180513201001566e+06
1.037001102468785248e+06
1.038292097311812453e+06
1.039349024165765382e+06
1.040257804332202883e+06
1.041315737469858839e+06
1.042257749057107256e+06
1.043248071005231817e+06
1.044270817427551840e+06
1.045287553211071528e+06
1.046440684684623964e+06
1.047710285690991906e+06
1.048544225110170781e+06
1.049588473154208390e+06
1.050374655437479727e+06
1.051402511445967015e+06
1.052470460242502159e+06
1.053813346681390656e+06
1.054723940999598242e+06
1.055868376334151253e+06
1.056967850833122618e+06
1.058304346093330067e+06
1.059386958575244527e+06
1.060251973218130181e+06
1.061520768199860118e+06
1.062577546572360909e+06
1.063555921150923707e+06
1.064244390396434348e+06
1.065547521640247898e+06
1.066467137229135493e+06
1.067525284857430262e+06
1.068584170149253914e+06
1.069509218517479254e+06
1.070635149204108631e+06
1.071699935988888144e+06
1.072698706877946621e+06
1.073864482872357126e+06
1.074711460029183421e+06
1.076092482190379640e+06
1.077206687670628307e+06
1.078079810471136356e+06
1.079106420186207630e+06
1.079877874666881515e+06
1.080966542849457124e+06
1.081769312157691689e+06
1.082649297673515277e+06
1.083433415890733246e+06
1.084207828850640683e+06
1.085206238911473891e+06
1.086310938025914831e+06
1.087078784829085693e+06
1.088322722894507693e+06
1.089407873061815277e+06
1.090533173619637033e+06
1.091774585886162706e+06
1.092650655705486424e+06
1.093554223582934821e+06
1.094280939892853610e+06
1.095363487111186842e+06
1.096277993443246232e+06
1.097307838949159952e+06
1.098050386931059882e+06
1.099140296039518202e+06
1.100336372087240219e+06
1.101323506807945436e+06
1.102198446421657922e+06
1.103223308574746363e+06
1.104282722871214384e+06
1.105329768453135155e+06
1.106105214741094736e+06
1.107031403660594020e+06
1.108063961071825121e+06
1.109130742736012442e+06
1.110212614419159014e+06
1.111109603011263534e+06
1.112112996789831668e+06
1.113107782300337451e+06
1.114149457761759870e+06
1.115289145825994434e+06
1.116284910035976209e+06
1.117169990178196924e+06
1.118182085305450950e+06
1.119246542025629431e+06
1.120309269387257984e+06
1.121443808274066309e+06
1.122496626077084104e+06
1.123549272996701533e+06
1.124848878894056892e+06
1.125882553146880353e+06
1.126765116845867829e+06
1.127881041184872855e+06
1.128784111749554286e+06
1.130231499332115753e+06
1.130974702761505963e+06
1.132014853965779301e+06
1.133254019916931633e+06
1.134142303416935261e+06
1.135417728418943705e+06
1.136445769116378622e+06
1.137502665679116733e+06
1.138508340396163054e+06
1.139548689086908707e+06
1.140691072357850615e+06
1.141814749726980226e+06
1.142718600614446914e+06
1.144007869424880249e+06
1.145080863879398908e+06
1.145857502427342348e+06
1.146982725928050233e+06
1.147948077835799428e+06
1.148881782455929089e+06
1.149908821329463506e+06
1.150641237746480620e+06
1.151764803754793480e+06
1.152828802681062603e+06
1.153775986476517050e+06
1.154882461936170002e+06
1.155876519706827356e+06
1.156895070675230119e+06
1.157935749612572137e+06
1.158719588593739318e+06
1.159663633978403173e+06
1.160810950058926828e+06
1.161867255116571439e+06
1.162987716342134867e+06
1.164030655805239221e+06
1.165119917060037144e+06
1.165876030894129770e+06
1.167301068022283725e+06
1.168230863350656116e+06
1.169112318009890849e+06
1.170086294080035528e+06
1.171309013266856084e+06
1.172226106719162315e+06
1.173230450694013853e+06
1.174306714548524469e+06
1.175528785762108630e+06
1.176270286465155892e+06
1.177339380809593946e+06
1.178554289323149016e+06
1.179577906417541439e+06
1.180554435826451983e+06
1.181719681851670146e+06
1.182771088659388013e+06
1.184022478120834799e+06
1.184770620234451024e+06
1.185651753081256058e+06
1.186610587415090762e+06
1.187765944613157073e+06
1.188938303497748217e+06
1.190153830450895010e+06
1.191330147494637175e+06
1.192547411637976533e+06
1.193609416463584173e+06
1.194513342395767570e+06
1.195439250786043936e+06
1.196452184829257196e+06
1.197283768701877678e+06
1.198162300596636487e+06
1.199008539373669075e+06
1.199869309260029346e+06
1.200678243797367206e+06
1.201540614718265599e+06
1.202519232896159636e+06
1.203320919122908032e+06
1.204601533276777482e+06
1.205359058120919857e+06
1.206678921686203685e+06
1.207681084283004049e+06
1.208630513090718538e+06
1.209890609353468986e+06
1.210733602943090722e+06
1.211699191636233591e+06
1.212607320945549523e+06
1.213800188487311825e+06
