1.653069215204326156e+03
3.606592150546527591e+03
5.319125071771504736e+03
6.440223136028636873e+03
7.504751922436156747e+03
8.472062097818608891e+03
9.599442560688099547e+03
1.067346969305425773e+04
1.165770878384350726e+04
1.286489590524753112e+04
1.393499557055278092e+04
1.475616774769585572e+04
1.583981564315772630e+04
1.671865071128475029e+04
1.760189311214410918e+04
1.831946075535646378e+04
1.918094003489692841e+04
1.977607427022629054e+04
2.057447839013509656e+04
2.127124624701886933e+04
2.246497018438442319e+04
2.313656807572078105e+04
2.395364188898316206e+04
2.466140856192229330e+04
2.533153988264592772e+04
2.610808254649215451e+04
2.712971160525084269e+04
2.798678070901508545e+04
2.862151562660982381e+04
2.931080111985397161e+04
2.994514857441690401e+04
3.065847935317383963e+04
3.148576053703803336e+04
3.228965532779325076e+04
3.296922919566034398e+04
3.382517302428244875e+04
3.469975449649522488e+04
3.537940621088053012e+04
3.604961577053491055e+04
3.664817971444951399e+04
3.740642762445144035e+04
3.814101033801856829e+04
3.878591140140072821e+04
3.944720706925356353e+04
3.988418902544759476e+04
4.050436314344538550e+04
4.108475429198422353e+04
4.177296770793844189e+04
4.244128415282344940e+04
4.317702734435105231e+04
4.385228220405352477e+04
4.461775368721878476e+04
4.523892379736315343e+04
4.582570403203015303e+04
4.653664688235284848e+04
4.713407813429662929e+04
4.787958697351577575e+04
4.853474060456418374e+04
4.916402314808194933e+04
4.993891356594724493e+04
5.068544438949848700e+04
5.126858051776005595e+04
5.194847362200138014e+04
5.251804788366578578e+04
5.292533112640641048e+04
5.354291713441491447e+04
5.419285420191504818e+04
5.481695862547316938e+04
5.542312139395210397e+04
5.617608927405436407e+04
5.681795939955687209e+04
5.750841153584063431e+04
5.819322017237790715e+04
5.884333154924245173e+04
5.932980611233988748e+04
5.988668896318221232e+04
6.058694397005286010e+04
6.123987462238449370e+04
6.175235524602206715e+04
6.235409631599408021e+04
6.306533769115524046e+04
6.366764878491968557e+04
6.428266887839532137e+04
6.484580732374435320e+04
6.555424630491388962e+04
6.617088527780887671e+04
6.683438653892616276e+04
6.750967359562609636e+04
6.839893334711682110e+04
6.895651545141394308e+04
6.961881756443381892e+04
7.003664291402185336e+04
7.065026042270637117e+04
7.127255577120262024e+04
7.181241299270298623e+04
7.235359208494951599e+04
7.314298085013010132e+04
7.375569682174669288e+04
7.446074867137779074e+04
7.508788894081331091e+04
7.566088428164969082e+04
7.630182132366133737e+04
7.687389984669515979e+04
7.744816169123569853e+04
7.808225526184310729e+04
7.870152662946836790e+04
7.939912602918763878e+04
8.006122542662403430e+04
8.056198063500935677e+04
8.111889423476872616e+04
8.187014465401068446e+04
8.238431410535793111e+04
8.288354844687967852e+04
8.341912139263759309e+04
8.401056239997351076e+04
8.461063392223142728e+04
8.528462069730686198e+04
8.593881543516488455e+04
8.647387517905663117e+04
8.698273227451450657e+04
8.753054991878276633e+04
8.810402603511273628e+04
8.861641427338737412e+04
8.921216986730955250e+04
8.960543897552978888e+04
9.032087591539970890e+04
9.081386900779051939e+04
9.159515528196757077e+04
9.212486015334834519e+04
9.266951665968372254e+04
9.326825197408917302e+04
9.386765238384020631e+04
9.450338028931112785e+04
9.510874671148536436e+04
9.564898432001139736e+04
9.628372664960047405e+04
9.688946303103424725e+04
9.738127785700070672e+04
9.800993828925416165e+04
9.853178537975085783e+04
9.906237026729655918e+04
9.964343681190600910e+04
1.002292300906221499e+05
1.008140732602812641e+05
1.014814714478816168e+05
1.020107187930752261e+05
1.026276737780311523e+05
1.031893865892675531e+05
1.039163285493135045e+05
1.045815790583363269e+05
1.052844774561809609e+05
1.059808671397284925e+05
1.065914491455439129e+05
1.071803722333589976e+05
1.077789240827664180e+05
1.083902547019180347e+05
1.091309197939581645e+05
1.097749947285658272e+05
1.102046528122618329e+05
1.108283931243364932e+05
1.115119426275659935e+05
1.121922796555453388e+05
1.127874423801005469e+05
1.132392356120029290e+05
1.137494807640330982e+05
1.145187983502652060e+05
1.151419265459000744e+05
1.156030660024318931e+05
1.161443580989121256e+05
1.166162879998575227e+05
1.171916981700898614e+05
1.177044844193342578e+05
1.181922471616506664e+05
1.187336409008161427e+05
1.192579642520158523e+05
1.197947028562950291e+05
1.202582544007854885e+05
1.210076873249936179e+05
1.216541841166755185e+05
1.222505714742221317e+05
1.229773808681258088e+05
1.235096733397075586e+05
1.241680809756918752e+05
1.247145111442643392e+05
1.253513234068952443e+05
1.259030442757518031e+05
1.263293645740819629e+05
1.268882473403038603e+05
1.275004883964729815e+05
1.280941131762466393e+05
1.286661523167870328e+05
1.292417916551405797e+05
1.297777653732122708e+05
1.302938698520530452e+05
1.308862610514835542e+05
1.315388816033107287e+05
1.320411445222346229e+05
1.325381018978444044e+05
1.331548904562804382e+05
1.336540334041134629e+05
1.341458612959792954e+05
1.347098118910661142e+05
1.354461952057163580e+05
1.360287132974594133e+05
1.366169422305779299e+05
1.371790168077501585e+05
1.377840086881413008e+05
1.383501382703545969e+05
1.390465453146699292e+05
1.395648287993402628e+05
1.401496429929232399e+05
1.407261518241560843e+05
1.412746412580556353e+05
1.418192166631695873e+05
1.425061686786274950e+05
1.430146657234932354e+05
1.434757994157614885e+05
1.441103210043477302e+05
1.446850593353338481e+05
1.452459193556284008e+05
1.458512245735343313e+05
1.465288226343939605e+05
1.471175092671085731e+05
1.478570407436602691e+05
1.484244481642875762e+05
1.489528268984037859e+05
1.494404638025763852e+05
1.499761591642833664e+05
1.504839210145105317e+05
1.510807505864508566e+05
1.517498453222498356e+05
1.524477472697182093e+05
1.529791919806823716e+05
1.534722297056265234e+05
1.541579603903671377e+05
1.546099358923219843e+05
1.552113671769715147e+05
1.557220735209906125e+05
1.562726085489673133e+05
1.570041266025503282e+05
1.575471440859794966e+05
1.581292397834056756e+05
1.588280810824238870e+05
1.594376504523238109e+05
1.599533696824693470e+05
1.604506826125786756e+05
1.610502381916537997e+05
1.615474708160398004e+05
1.621977372828249936e+05
1.627315747513139213e+05
1.632314459855006426e+05
1.637782014598277747e+05
1.642434484894376073e+05
1.647053285478030739e+05
1.652961843816332694e+05
1.658302346476919192e+05
1.664846041329824657e+05
1.670792465791226714e+05
1.677605277857083711e+05
1.684353565290148254e+05
1.690709108204106451e+05
1.696189778690557287e+05
1.702392624817991746e+05
1.707620500989620632e+05
1.713778295023102837e+05
1.720663752904555586e+05
1.725208358530028490e+05
1.730909024051681336e+05
1.736610643891201471e+05
1.742213138636641088e+05
1.748340572604123736e+05
1.753557756421502854e+05
1.758571485672207782e+05
1.763344214429035492e+05
1.769036632913903741e+05
1.773144227815133345e+05
1.778937868720257247e+05
1.784097617529529671e+05
1.789308266283427365e+05
1.795313405864729430e+05
1.801133372290458065e+05
1.806643462117389718e+05
1.811699238608115120e+05
1.817049841807271005e+05
1.823369906060395588e+05
1.828792227476172848e+05
1.835366948664568481e+05
1.842769266481965897e+05
1.850533295829552226e+05
1.855089774097134941e+05
1.860055278908861219e+05
1.864912022054472473e+05
1.870761876128409640e+05
1.877180636201792804e+05
1.882841902677048347e+05
1.887588712641814200e+05
1.893647268266856845e+05
1.898776404699077830e+05
1.904524474563482509e+05
1.909987362930153031e+05
1.915478075634893321e+05
1.920471908178782905e+05
1.926001683645325829e+05
1.931347463717542123e+05
1.937410379718901531e+05
1.943187585125478217e+05
1.949510930687162036e+05
1.954943086959391076e+05
1.960187476237769588e+05
1.965805102110767912e+05
1.973407750013286131e+05
1.978292027374202735e+05
1.983573062446087133e+05
1.988802332186577551e+05
1.994695994094922207e+05
2.001836742383629316e+05
2.007854496630757931e+05
2.013190498534970975e+05
2.019468568755180750e+05
2.024952184149651439e+05
2.030599144809771096e+05
2.036791006204337755e+05
2.042662830271621060e+05
2.047002840973497077e+05
2.051459059174200520e+05
2.057316358524959942e+05
2.062689234330478939e+05
2.067645315950641525e+05
2.072789040805319091e+05
2.078505173141825362e+05
2.083762067637236323e+05
2.089803008946169866e+05
2.095339639509941917e+05
2.100907033397819032e+05
2.106554575402787013e+05
2.112238328316984698e+05
2.117060943172554835e+05
2.123331022770370764e+05
2.128066155501080793e+05
2.133847442432588432e+05
2.138302413824996911e+05
2.143688182123897132e+05
2.148677953129739326e+05
2.154384344443506270e+05
2.159859582679191662e+05
2.165187064991028747e+05
2.170902399801101710e+05
2.175638295667584753e+05
2.181032816145868856e+05
2.186489367231868091e+05
2.192201856160887692e+05
2.198014470568436664e+05
2.204622031414138037e+05
2.208804479463797761e+05
2.214982815124118351e+05
2.222017908371687809e+05
2.227934365402688272e+05
2.233135123258190288e+05
2.238471499037905596e+05
2.244404410805878579e+05
2.249711307512051426e+05
2.255036971423748182e+05
2.262456052845012164e+05
2.270247777576892404e+05
2.275540148881720961e+05
2.281264718194830639e+05
2.286291137605219556e+05
2.292322409197058587e+05
2.297998619423960045e+05
2.303595389176042518e+05
2.309684547892267583e+05
2.313720186506017635e+05
2.318288414160598477e+05
2.323922139202920662e+05
2.330865629915464961e+05
2.337506483088392415e+05
2.342118021548671823e+05
2.347255185449877463e+05
2.356578536709721375e+05
2.361041982666194672e+05
2.366655942072939652e+05
2.371432164555464115e+05
2.377311536087681889e+05
2.382458699861328932e+05
2.389342265566817950e+05
2.394261926222628972e+05
2.398995931508921203e+05
2.404465331208335992e+05
2.409476151937718387e+05
2.414968524339365540e+05
2.419965743373507576e+05
2.424314306099444802e+05
2.429974092685722280e+05
2.434594799904523825e+05
2.440190046102958440e+05
2.447347891722028144e+05
2.452038097147969820e+05
2.456878031973586767e+05
2.463275888350675523e+05
2.467861021178491355e+05
2.473645806027334183e+05
2.478628223865651526e+05
2.482702379852529266e+05
2.488249325806585839e+05
2.493571316116050584e+05
2.500214876731121331e+05
2.505366806886679260e+05
2.511762386720279173e+05
2.516977971803591936e+05
2.522235099693705270e+05
2.527345071751539945e+05
2.533202313855955435e+05
2.538904552174442506e+05
2.543580192400517408e+05
2.549528145081265247e+05
2.555011963024343131e+05
2.561277687829695351e+05
2.567311659175099630e+05
2.571720073150841345e+05
2.576758718090552138e+05
2.581108430646909692e+05
2.586575465690198180e+05
2.593160058219066414e+05
2.598137676457941707e+05
2.602344018947664299e+05
2.609836548897694447e+05
2.615244328081085114e+05
2.621503455987861962e+05
2.626631292418490630e+05
2.632415252601251705e+05
2.637045653128309641e+05
2.643365313822212047e+05
2.648406857770427596e+05
2.654294629505074117e+05
2.659128190697629470e+05
2.664071547829757328e+05
2.670076509769239929e+05
2.675628165626458940e+05
2.681197763835235965e+05
2.686986042335818056e+05
2.691442511932730558e+05
2.696669909096548799e+05
2.701677574827752542e+05
2.709337484960854636e+05
2.714757235585459857e+05
2.719906734670873266e+05
2.726000296947148745e+05
2.731282987508730148e+05
2.738028412430105382e+05
2.745548788108057342e+05
2.750431175455687335e+05
2.756037624727083021e+05
2.760788113405589829e+05
2.766291813489813940e+05
2.770883997762728250e+05
2.775894309754853020e+05
2.782761460247091018e+05
2.788519485652857111e+05
2.793367510145762353e+05
2.797344273991832742e+05
2.803545397512551281e+05
2.808211429796821903e+05
2.813851764412513585e+05
2.820237831098387833e+05
2.825641609615579364e+05
2.830609517510570004e+05
2.837450386929828092e+05
2.843675077672991320e+05
2.848074099763508420e+05
2.853091963378639193e+05
2.857957937143528252e+05
2.864998361088255187e+05
2.871065769702073885e+05
2.877496522528572241e+05
2.883431848430740065e+05
2.888979220738643198e+05
2.895125207443296094e+05
2.899355679040705436e+05
2.904575790650883573e+05
2.910377785775279626e+05
2.916541178981080302e+05
2.922980891250599525e+05
2.929521411025408306e+05
2.936512551897076773e+05
2.941162629838337307e+05
2.945331454802856315e+05
2.953063484953273437e+05
2.958740991559956456e+05
2.963226421436466044e+05
2.969319974029844743e+05
2.976608802557960153e+05
2.982465646886972245e+05
2.989034013726410922e+05
2.994368618210091954e+05
2.998322854050027090e+05
3.003508530231013428e+05
3.009057324678670266e+05
3.015668046110083815e+05
3.020375918405400007e+05
3.025117391539819073e+05
3.030110162671761354e+05
3.035841050370103912e+05
3.041603956165523850e+05
3.047766187747855438e+05
3.054646343116078060e+05
3.058125567999777268e+05
3.065209389867095160e+05
3.070149950378431822e+05
3.074692590298634605e+05
3.080076592706027441e+05
3.084670815752991475e+05
3.091729780501077184e+05
3.096837285344371921e+05
3.102849091196708032e+05
3.107323918418263202e+05
3.112527575518295635e+05
3.118411871033216012e+05
3.123692084757932462e+05
3.128907610916038975e+05
3.135119702090888168e+05
3.140004446153324097e+05
3.145151577193283592e+05
3.150802113009931636e+05
3.158040527922902256e+05
3.163971998945407104e+05
3.170207636166973389e+05
3.175532017317807768e+05
3.180123752523533185e+05
3.185599178212407278e+05
3.192172502276122104e+05
3.196873099022185779e+05
3.202532460668617277e+05
3.207958085980831529e+05
3.215294679889290710e+05
3.221320164836569456e+05
3.226369053881299333e+05
3.234156131676774821e+05
3.240159559327243478e+05
3.246589176105456427e+05
3.251902189219517750e+05
3.258275863430231111e+05
3.264441178268997464e+05
3.269416924089735257e+05
3.274582690018736757e+05
3.279930845848103054e+05
3.285197225637524971e+05
3.291865639531310298e+05
3.296699488547135843e+05
3.304285371087243548e+05
3.309163685035847011e+05
3.313872546944414498e+05
3.319743746522241854e+05
3.324888121641902253e+05
3.329916004718580516e+05
3.335072898754342459e+05
3.341802489459399367e+05
3.347001045668402221e+05
3.354000616064612404e+05
3.359167968461594428e+05
3.364042044745746534e+05
3.367936644034157507e+05
3.373578849303300376e+05
3.378519479294781340e+05
3.382943241818710230e+05
3.387848840050489525e+05
3.392806822529981146e+05
3.397892633173042559e+05
3.402999674047416192e+05
3.408706471786700422e+05
3.413639348847978399e+05
3.418314278195768711e+05
3.422804723784848466e+05
3.427885185098576476e+05
3.433887903585531749e+05
3.440258196602526587e+05
3.446220327688526595e+05
3.452192551162344753e+05
3.458062885565684410e+05
3.463453936486479361e+05
3.468229268865681952e+05
3.474364229117802461e+05
3.479635769812010694e+05
3.483449472364229732e+05
3.488592357169218012e+05
3.492421541332181077e+05
3.498068915105976630e+05
3.503750030569935916e+05
3.508749833393510198e+05
3.513514540720521472e+05
3.519387610820765840e+05
3.524923608774193563e+05
3.530732729521119036e+05
3.536853384110587067e+05
3.542020450006688479e+05
3.547303116416244884e+05
3.553100480761983199e+05
3.560492475332421600e+05
3.564782967438921914e+05
3.568621206327209948e+05
3.573808452401659451e+05
3.580121059516629321e+05
3.585682462218759465e+05
3.590840031998167397e+05
3.595962958706640638e+05
3.600571894832050311e+05
3.607663955116174184e+05
3.614051278229787131e+05
3.619559027070138254e+05
3.624839119725799537e+05
3.630418481325143366e+05
3.637994099755497882e+05
3.642951365463937400e+05
3.649451394418058917e+05
3.654073130723956856e+05
3.659679982903053751e+05
3.665162335321608116e+05
3.670327762439753278e+05
3.677344255551035749e+05
3.682248285078096669e+05
3.686945998998085270e+05
3.691592906828014529e+05
3.696889565840390860e+05
3.702321209517364623e+05
3.708175644011947443e+05
3.713423728935724939e+05
3.719428553054019576e+05
3.724784340163975139e+05
3.729556617245965754e+05
3.735264595043922309e+05
3.741302271304183523e+05
3.747264802555690403e+05
3.751765457242382108e+05
3.756231948161035543e+05
3.763278046067063697e+05
3.767758987712473026e+05
3.772731215292714187e+05
3.778039018389682751e+05
3.784352923172470182e+05
3.790753241847589961e+05
3.796124300920547685e+05
3.801634562489605742e+05
3.807585765272987192e+05
3.813924625367742847e+05
3.819532324679999729e+05
3.824091717851720168e+05
3.829268323837959324e+05
3.836290436169956811e+05
3.841041002936112345e+05
3.846665530072668334e+05
3.852397487597432919e+05
3.857205470800626790e+05
3.862544165807490353e+05
3.867540400832289597e+05
3.872694258676271420e+05
3.878753150595047045e+05
3.883871113613128546e+05
3.889725606130256201e+05
3.896557487228304963e+05
3.901871116108658025e+05
3.907185416632862762e+05
3.912158769504094380e+05
3.917929934230661020e+05
3.922288311170545639e+05
3.928163489490846987e+05
3.932606547038111603e+05
3.938705460474321153e+05
3.943405452294994611e+05
3.949039220281432499e+05
3.955252323073039879e+05
3.961473370846068137e+05
3.968181957343558315e+05
3.973712770825095940e+05
3.979395795885766274e+05
3.985215488520331564e+05
3.991353303396544652e+05
3.997622036938455421e+05
4.003325782709414489e+05
4.008630890812258585e+05
4.013221286565617775e+05
4.017991091676806682e+05
4.024065586114465841e+05
4.029327369740087306e+05
4.033120360028138966e+05
4.038425155968720210e+05
4.044302120912549435e+05
4.048990571896783076e+05
4.053845501115643419e+05
4.058850246948787244e+05
4.064442433493605931e+05
4.070027263247066294e+05
4.075495286386510707e+05
4.080214145226460532e+05
4.086791573969110032e+05
4.091945347819925519e+05
4.096781131042575580e+05
4.100690735141141340e+05
4.105819549408498569e+05
4.112195894429062027e+05
4.117319563919759239e+05
4.122415002103357692e+05
4.126917952935268986e+05
4.131278175165797002e+05
4.135416862678899779e+05
4.140403506322259782e+05
4.145370469258730882e+05
4.149994842289040098e+05
4.154756815515022026e+05
4.160441373791458900e+05
4.166749491184062208e+05
4.172056093863832066e+05
4.178611910687549971e+05
4.184371912197442143e+05
4.188670057573308004e+05
4.195601276956461952e+05
4.200222264127925155e+05
4.205412231905959197e+05
4.210309639697524835e+05
4.215951758009292535e+05
4.221508013576326193e+05
4.226560125315871555e+05
4.231509055329670082e+05
4.236971496763925534e+05
4.243751721227960661e+05
4.250224061596683459e+05
4.256601818829536787e+05
4.262957420058745774e+05
4.267757427126883413e+05
4.273797112136053620e+05
4.279914599133153097e+05
4.285320519839214976e+05
4.290632694977422943e+05
4.297092420192722348e+05
4.302723700514678494e+05
4.308217010680897511e+05
4.314179154780667741e+05
4.319173030953319394e+05
4.324565983453947119e+05
4.330431589621520834e+05
4.335238324045988265e+05
4.340685983803680865e+05
4.344837383264885866e+05
4.350849131149936002e+05
4.356918792385665001e+05
4.361585226976899430e+05
4.367066195414648973e+05
4.372971912576404866e+05
4.377990803619838553e+05
4.384457410415507620e+05
4.389265858128500986e+05
4.394432613737679785e+05
4.399957954693076317e+05
4.405953959613169427e+05
4.410848957360106870e+05
4.415612324448438012e+05
4.421456330927870004e+05
4.426521174563593231e+05
4.431840621090812492e+05
4.438070011665330385e+05
4.443131637277461705e+05
4.447774509077972034e+05
4.452806780124246725e+05
4.457418189784794813e+05
4.463129873232973041e+05
4.469300356415834394e+05
4.475345932308806805e+05
4.481616823570266715e+05
4.487567271291369689e+05
4.493099987424410065e+05
4.498968518662959686e+05
4.504352742561859195e+05
4.510413785109564196e+05
4.514590950897446601e+05
4.520096165265673772e+05
4.526120586352086975e+05
4.532133920222505694e+05
4.537542650769189349e+05
4.544692314336288837e+05
4.549974192736059194e+05
4.555816313722343766e+05
4.560129112455175491e+05
4.566987947497798014e+05
4.572518635993286734e+05
4.579453213964119204e+05
4.584148118278477341e+05
4.590155580910445424e+05
4.595555174227786483e+05
4.602072309852186590e+05
4.606857909330043476e+05
4.612816759463448543e+05
4.618041061263829470e+05
4.624232663541291840e+05
4.630808567789958324e+05
4.635999871313928743e+05
4.640251714829687844e+05
4.645124172335555195e+05
4.650167945035247831e+05
4.656301252227415098e+05
4.661562466420577257e+05
4.666285058990922989e+05
4.672705765006963629e+05
4.678310894435248920e+05
4.683261566115297028e+05
4.688154921535570174e+05
4.693398458055105875e+05
4.699704990178521257e+05
4.705849279525266611e+05
4.710478848183128284e+05
4.715785677937197033e+05
4.722175647600846714e+05
4.726643156227291911e+05
4.732053815447114175e+05
4.736129564572081435e+05
4.742257188085041707e+05
4.747374318840139895e+05
4.752964682328208582e+05
4.758828640700213145e+05
4.764576846544805449e+05
4.771595569190313108e+05
4.777435053154175403e+05
4.782838753105513752e+05
4.789214270971422084e+05
4.796181604512417689e+05
4.801278757540002698e+05
4.806939978535385453e+05
4.812067683563777828e+05
4.816874748291251599e+05
4.821614556126695243e+05
4.826790639334159205e+05
4.832485679763046792e+05
4.837737718636643258e+05
4.842087722500713426e+05
4.848439913038764498e+05
4.853235234360413160e+05
4.859692459276010632e+05
4.864782886312556802e+05
4.871195942952482728e+05
4.876434353061456932e+05
4.880929627197078080e+05
4.886915337148915278e+05
4.892471377074446063e+05
4.896527842233586707e+05
4.901995944214802585e+05
4.909011532070598914e+05
4.913266385101837222e+05
4.919541260024750954e+05
4.924836056071307394e+05
4.930821983283115551e+05
4.936206040627064649e+05
4.942654489801554009e+05
4.947289677445556154e+05
4.952684495041029295e+05
4.957718593027711031e+05
4.962660400497165974e+05
4.968380800122268847e+05
4.973661092171085184e+05
4.978892786026303656e+05
4.984585395581513294e+05
4.989251314233100275e+05
4.994232435611666879e+05
4.998226659014751785e+05
5.003904334983177832e+05
5.008304734186323476e+05
5.013032704239735031e+05
5.018702940757385222e+05
5.025169932268794510e+05
5.031122625425835722e+05
5.036284756429771660e+05
5.041948381471672910e+05
5.046816298885547440e+05
5.052608030079137534e+05
5.057836898232727544e+05
5.063161562103763572e+05
5.068965705116256140e+05
5.074985456509597716e+05
5.080526254352359101e+05
5.085689045066818944e+05
5.091449632537151920e+05
5.096782884475130122e+05
5.102800946418190724e+05
5.107727866729167872e+05
5.114460421451367438e+05
5.119098662482456421e+05
5.123293224238795228e+05
5.128628717092941515e+05
5.136339638663530932e+05
5.142117624060373637e+05
5.147704754770944710e+05
5.153003451852207072e+05
5.157594070126240258e+05
5.162807024264715728e+05
5.168012013708858285e+05
5.172895555657261284e+05
5.178072923136291211e+05
5.183578222125742468e+05
5.188610830201656790e+05
5.193826751506228466e+05
5.199363963194196112e+05
5.204430138423431199e+05
5.208965352445931057e+05
5.216162636101617827e+05
5.221513020545532345e+05
5.227334842786797672e+05
5.232598156137391925e+05
5.239308491750712274e+05
5.244447092624536017e+05
5.250347117794917431e+05
5.256022181286086561e+05
5.261313064347506734e+05
5.267155012729890877e+05
5.272794408375857165e+05
5.278433793212666642e+05
5.285225610299132532e+05
5.289962444302800577e+05
5.295560540616653161e+05
5.301386842326065525e+05
5.305840515172149753e+05
5.311596596838814439e+05
5.318436344425893622e+05
5.323786657138504088e+05
5.331437272693299456e+05
5.336373421890580794e+05
5.341180951300173765e+05
5.346730332563413540e+05
5.352228988316350151e+05
5.357379523592574988e+05
5.362213992590763373e+05
5.368010015372808557e+05
5.375494962288886309e+05
5.380717873720752541e+05
5.386208644019212807e+05
5.390822854803090449e+05
5.397292544937286293e+05
5.402864847168799024e+05
5.409910034074926516e+05
5.416630028915161965e+05
5.422813238238611957e+05
5.428204165023198584e+05
5.433363090138976695e+05
5.439307898265317781e+05
5.445112963300215779e+05
5.449970055046160705e+05
5.455224476109849056e+05
5.460112752052438445e+05
5.465525460814725375e+05
5.471626837506946176e+05
5.477561366752113681e+05
5.483773026320836507e+05
5.489496402269003447e+05
5.494497156999550061e+05
5.499587573844285216e+05
5.505148950305683538e+05
5.510656374280143064e+05
5.515189962101497222e+05
5.520301315233932110e+05
5.525869465622038115e+05
5.530733694223954808e+05
5.534824794032596983e+05
5.540771583948584739e+05
5.547576231992336689e+05
5.552747554262593621e+05
5.558624905882263556e+05
5.564207189715553541e+05
5.569444153221289162e+05
5.574504198623462580e+05
5.580201802306741010e+05
5.585129018923263066e+05
5.592087812514309771e+05
5.597698142544261646e+05
5.602776485091192881e+05
5.609349665369925788e+05
5.615038761700853938e+05
5.620790665892447578e+05
5.626649761256468482e+05
5.631899669785563601e+05
5.638131581262043910e+05
5.642597149193714140e+05
5.648523295558441896e+05
5.652979727720364463e+05
5.658917692683057394e+05
5.663580718884430826e+05
5.668356917932345532e+05
5.673371832608531695e+05
5.679651848131245933e+05
5.686969282506997697e+05
5.692204972853276413e+05
5.697978553303985391e+05
5.703586214199535316e+05
5.710243839052324183e+05
5.715291586545760510e+05
5.720322043694515014e+05
5.725349680727829691e+05
5.731429267948516645e+05
5.737662725545188878e+05
5.742662386163024930e+05
5.748064376899073832e+05
5.752578040325888433e+05
5.758126993094318314e+05
5.763749785851982888e+05
5.768574678016068647e+05
5.773486890992503613e+05
