1.447529441509905155e+02
2.691914422285032629e+02
4.285971705104916509e+02
5.676748151714257347e+02
7.114994191318729690e+02
8.698639844130663050e+02
1.031873233029153653e+03
1.189573804695745821e+03
1.327062662540413385e+03
1.472713029527463050e+03
1.613003373632153853e+03
1.766314323369992508e+03
1.921540910343331916e+03
2.096292390599866394e+03
2.219690343737434887e+03
2.388907313376158982e+03
2.525744176521419377e+03
2.681077027377202739e+03
2.815122394074835029e+03
2.973200800446792982e+03
3.126445988827984820e+03
3.269530976552532138e+03
3.412728438294153875e+03
3.566559537274528338e+03
3.720028363895107759e+03
3.870291736322206361e+03
4.021488321892575641e+03
4.174851602194955376e+03
4.320924331870534843e+03
4.452480305291723198e+03
4.603139364663758897e+03
4.735196330719975776e+03
4.887230358559439992e+03
5.035057122709679788e+03
5.198720254781673248e+03
5.341993632866455300e+03
5.508210292930295509e+03
5.649304290004316499e+03
5.791002058792718344e+03
5.926144710637010576e+03
6.063674265112273133e+03
6.216040132318485121e+03
6.370525490949956293e+03
6.503488152133377298e+03
6.658611163868446965e+03
6.814097460370421686e+03
6.961702405161133356e+03
7.106265159036102887e+03
7.257927951433415728e+03
7.423855709753336669e+03
7.553886477923311759e+03
7.689989160313731190e+03
7.857466359134411505e+03
8.021609427440565014e+03
8.167555687408236736e+03
8.340086174034895521e+03
8.468827602788529475e+03
8.608225479682270816e+03
8.745650085727394980e+03
8.911711026327800937e+03
9.061426349782170291e+03
9.212035642933775307e+03
9.392758918114966946e+03
9.527545703907097050e+03
9.683324822201298957e+03
9.822145360522608826e+03
9.956724842582252677e+03
1.010351633257749745e+04
1.025582169665540823e+04
1.039322012870652725e+04
1.055764007839332589e+04
1.069287661065882639e+04
1.084291753703892755e+04
1.097930930039566556e+04
1.113897493435735851e+04
1.129636199327709983e+04
1.144082204267110319e+04
1.158832517048513910e+04
1.171250159643952065e+04
1.184722683521063846e+04
1.199262724193412396e+04
1.211657259875960153e+04
1.226604248238188848e+04
1.240695755669458231e+04
1.256336633766457089e+04
1.271482445113049289e+04
1.288468882420073714e+04
1.303541003157586420e+04
1.318333308410005338e+04
1.335169709629926001e+04
1.351424414072214677e+04
1.366454359867618950e+04
1.381244343893957375e+04
1.396438544719887796e+04
1.410473891950434336e+04
1.426656325347310667e+04
1.440083071384405048e+04
1.454540129825410440e+04
1.470919664050447500e+04
1.485537987328628151e+04
1.500859946054325337e+04
1.514323270622736527e+04
1.530238324349220966e+04
1.544868314190328783e+04
1.560290230279231764e+04
1.571984754973370218e+04
1.585673134910277440e+04
1.601057720282170521e+04
1.616631332358871077e+04
1.631929209995547171e+04
1.647882379908805888e+04
1.663694303652767849e+04
1.677777506314638958e+04
1.690831082738756959e+04
1.704895119215096565e+04
1.720218302045472592e+04
1.735521303611169787e+04
1.751102879571256562e+04
1.764736201919288942e+04
1.779369864231792235e+04
1.792565075955409702e+04
1.807274545541501357e+04
1.821574228211056834e+04
1.836734192001472547e+04
1.850284767448105777e+04
1.864573352294312645e+04
1.879511100811932192e+04
1.893626209302635471e+04
1.906823187096905895e+04
1.923484300443754546e+04
1.938321829074263223e+04
1.953579972992386320e+04
1.970153218440877026e+04
1.987461371720960597e+04
2.002404126293726586e+04
2.017283836601960866e+04
2.031061766052894745e+04
2.047408827921740885e+04
2.062358234207490750e+04
2.079181148437324737e+04
2.092850723409846614e+04
2.108060744712895757e+04
2.121572708028833586e+04
2.136926307427019856e+04
2.151490729373697104e+04
2.167730506545617754e+04
2.183193086954567480e+04
2.198953327957538568e+04
2.212702464823265836e+04
2.225887534901680556e+04
2.239005680367289096e+04
2.253360340036930938e+04
2.268223226093425183e+04
2.285767572187339101e+04
2.301630755771492113e+04
2.315538718152780348e+04
2.328362003879237818e+04
2.342086966363059400e+04
2.355638406088908232e+04
2.371251383632965371e+04
2.386649509288227273e+04
2.402245315863069845e+04
2.416884055321833875e+04
2.432218733893897661e+04
2.446843731741817828e+04
2.461089956482771595e+04
2.474964028146289638e+04
2.487925457939884291e+04
2.501770280825530790e+04
2.519066650310865225e+04
2.535019065604796197e+04
2.549176891176897698e+04
2.566497889175334421e+04
2.582578214047232177e+04
2.595462685380971379e+04
2.610904592213172145e+04
2.626082181511690578e+04
2.642574296424072600e+04
2.656484135886081276e+04
2.673349483269605116e+04
2.689095534727233462e+04
2.703984962290549083e+04
2.718761442309791892e+04
2.732808844286793828e+04
2.749757835096288545e+04
2.764304932335640115e+04
2.778304325782595697e+04
2.794207212371330388e+04
2.806630665674484771e+04
2.819458943609219205e+04
2.833846209452499897e+04
2.850554686572129503e+04
2.865591004106367473e+04
2.880958392186142009e+04
2.896182115386557052e+04
2.910246457406279296e+04
2.924954236032191693e+04
2.940397987573592036e+04
2.955828237131406786e+04
2.971550971434674648e+04
2.985459705794893307e+04
3.001191683717807609e+04
3.016851005183027883e+04
3.028897746182159608e+04
3.042851327352727822e+04
3.057879470238744398e+04
3.071679997982376881e+04
3.085431096578009965e+04
3.101541167506820784e+04
3.117136217140537337e+04
3.130435870994568177e+04
3.147903968714959774e+04
3.162460670024351202e+04
3.179740587749088809e+04
3.193875787961528840e+04
3.207435196489350346e+04
3.225438918093955726e+04
3.240851695492905128e+04
3.255556899017298201e+04
3.271167181803230051e+04
3.284978961671441357e+04
3.300800202052347595e+04
3.317303015443333425e+04
3.334931903686125588e+04
3.349668198688620760e+04
3.363843825034958718e+04
3.379575009733859042e+04
3.394252847512690641e+04
3.407803679385814758e+04
3.423106748166588659e+04
3.437527330977443489e+04
3.452389290456033632e+04
3.467052491340583219e+04
3.481087703087554837e+04
3.496025041410604899e+04
3.510773932837790198e+04
3.525771432088370057e+04
3.541181856539732689e+04
3.555838484753730881e+04
3.571184271641085070e+04
3.584564763231948746e+04
3.599220789025542763e+04
3.612767049401138502e+04
3.627914171492150490e+04
3.641618421089090407e+04
3.655052387380472646e+04
3.669653766691748024e+04
3.684457517742161144e+04
3.699905036332980671e+04
3.715023742453323212e+04
3.729177079349687847e+04
3.742790173969936586e+04
3.756846444853513822e+04
3.772245566396586219e+04
3.786883185545519518e+04
3.803127570568634837e+04
3.817431813193251583e+04
3.830910178352154617e+04
3.845232976082758978e+04
3.860794131231826759e+04
3.875152839874564233e+04
3.888164186070267169e+04
3.902584897927163547e+04
3.918037782891047391e+04
3.932076340287854691e+04
3.946976712159842282e+04
3.961053460218988766e+04
3.976193526033157832e+04
3.992778122864926263e+04
4.008624526488262200e+04
4.024613473547017929e+04
4.040680058217122132e+04
4.056717177956475643e+04
4.071328271748187399e+04
4.084291527203784062e+04
4.099323371290083742e+04
4.114659016207910463e+04
4.129866579101745447e+04
4.144494040437183139e+04
4.159856903385941405e+04
4.174025893850759167e+04
4.189524868572722335e+04
4.204876830337773572e+04
4.218775533370955964e+04
4.234427794348161115e+04
4.249171333733608481e+04
4.263583437550606322e+04
4.277924808002501959e+04
4.292623597350015189e+04
4.308539377003825939e+04
4.323479241290416394e+04
4.340589800944869785e+04
4.355737667803483055e+04
4.371265966876736638e+04
4.388513821088524855e+04
4.404177785171498545e+04
4.417746801801520633e+04
4.432084071999726439e+04
4.449015227478103770e+04
4.463599826587340067e+04
4.478298622637098015e+04
4.493196617722773954e+04
4.509062614465552906e+04
4.523153114505168196e+04
4.539953894485579804e+04
4.554435130814799049e+04
4.570642248192369152e+04
4.585261943695348600e+04
4.601918575134297862e+04
4.614097772032237845e+04
4.630544869445152290e+04
4.646084344202349166e+04
4.661818661639467609e+04
4.675935271159482363e+04
4.689095089143007499e+04
4.703341818137180235e+04
4.715945891492222290e+04
4.733122239659819024e+04
4.746924194627381803e+04
4.761248084099856351e+04
4.776484030324581545e+04
4.791782466054262477e+04
4.806112233557901345e+04
4.821030008668297523e+04
4.837465040776663227e+04
4.851248888910056121e+04
4.865845348501821718e+04
4.881056414356064488e+04
4.896763081830595183e+04
4.910322959877521498e+04
4.924161619845761743e+04
4.937323020167028153e+04
4.953993990642993595e+04
4.969942658675421262e+04
4.985525617408029939e+04
5.000785878262947517e+04
5.016475782117732160e+04
5.031578270289520151e+04
5.045834976154121978e+04
5.060619788161086035e+04
5.076159025909213233e+04
5.093675829851270828e+04
5.108525040973490104e+04
5.123766107962251408e+04
5.138656110168182204e+04
5.152592954820886371e+04
5.167643702278837736e+04
5.181811135900500813e+04
5.196126792670838768e+04
5.210403146471994114e+04
5.225512302079746587e+04
5.238741073465818044e+04
5.254099863009360706e+04
5.272269451385130378e+04
5.288844032812745718e+04
5.303639603779664321e+04
5.319543567155960773e+04
5.335391102477969253e+04
5.350964768927665864e+04
5.366550113478403364e+04
5.381385936437077180e+04
5.397588438978368504e+04
5.411166872288344894e+04
5.425759024923093239e+04
5.440702973831818235e+04
5.457399040561764559e+04
5.473059561149647197e+04
5.486170737800422648e+04
5.501635173557613598e+04
5.517317092263662926e+04
5.532053733872332668e+04
5.545900307244544092e+04
5.561968254512768181e+04
5.579245391838224896e+04
5.593253476194434916e+04
5.609763957102664426e+04
5.624973415902147826e+04
5.639222563557687681e+04
5.652867761351291119e+04
5.669915832936459628e+04
5.684661655272036296e+04
5.702615010065049864e+04
5.716533920955392387e+04
5.730373769724883459e+04
5.743350611339091120e+04
5.758060635383314366e+04
5.772853908954143844e+04
5.788242417847095203e+04
5.804763898664541193e+04
5.817094317020844028e+04
5.832829034446471633e+04
5.848056822708666004e+04
5.863901694759691600e+04
5.878181610220878792e+04
5.893328678755240981e+04
5.909901224569937767e+04
5.924789295228304400e+04
5.938959603672823141e+04
5.951877025506526843e+04
5.966920625982815545e+04
5.981943681294812995e+04
5.997282622814526258e+04
6.013788160773950221e+04
6.029085554050750943e+04
6.045171923448650341e+04
6.061626986134054459e+04
6.076517375083100342e+04
6.090938615468207718e+04
6.105300211819248216e+04
6.118791241480349709e+04
6.134202809316018102e+04
6.150329139169737755e+04
6.163815959571501298e+04
6.179222967302543111e+04
6.193862230591802654e+04
6.209625713126664050e+04
6.224235469433102116e+04
6.240576996363214857e+04
6.253692657166795834e+04
6.268919782966595085e+04
6.283814882823547669e+04
6.299641250905468769e+04
6.316635532712987333e+04
6.333723739720059530e+04
6.349108028024623491e+04
6.363289064047714055e+04
6.377344038838327833e+04
6.392376528978555871e+04
6.406578813173399249e+04
6.422181621996279137e+04
6.438756038969683868e+04
6.454512717234449519e+04
6.469642376976776723e+04
6.485585912546012696e+04
6.499990388192085084e+04
6.515104461409815121e+04
6.529549124894853594e+04
6.543229811765039631e+04
6.558739217573743372e+04
6.574233777396455116e+04
6.588339439105932252e+04
6.603533376299316296e+04
6.618218253972905222e+04
6.632785715369845275e+04
6.647295974523480982e+04
6.663260915678384481e+04
6.676076882263316656e+04
6.690956023823541182e+04
6.707028160748924711e+04
6.721067659799823014e+04
6.733480339312404976e+04
6.749419218090327922e+04
6.765941373020962055e+04
6.780365347770617518e+04
6.795626003231163486e+04
6.811960253917546652e+04
6.826185435589413100e+04
6.841538294074793521e+04
6.859280122645845404e+04
6.873952899482514476e+04
6.888205583443335490e+04
6.904156578019481094e+04
6.918783980698995583e+04
6.932427165259465983e+04
6.947712821531522786e+04
6.963004366419563303e+04
6.977502405529824318e+04
6.992611163066732115e+04
7.007153081110853236e+04
7.023663944472947333e+04
7.038953967040625867e+04
7.055558069943731243e+04
7.070023618880912545e+04
7.086777133464152575e+04
7.103699561322867521e+04
7.118881381288231933e+04
7.133875777039474633e+04
7.148721061380057654e+04
7.162171534460363910e+04
7.178550583544999245e+04
7.193436261388550338e+04
7.209141739132153452e+04
7.224231476158229634e+04
7.239637187995252316e+04
7.255320738907736086e+04
7.267510432922111067e+04
7.283562854810399585e+04
7.298740679431027093e+04
7.314626692061719950e+04
7.330234195396279392e+04
7.346570678085875988e+04
7.361337880071319523e+04
7.376604840165295172e+04
7.391267267756673391e+04
7.405617441441636765e+04
7.420309460798000509e+04
7.433221482474055665e+04
7.447883521738881245e+04
7.462873407732995111e+04
7.477144184417504584e+04
7.490926326742838137e+04
7.506475222812888387e+04
7.524253203685479821e+04
7.536169810771747143e+04
7.551925592768198112e+04
7.565778708281285071e+04
7.581035305138879630e+04
7.595304468310724769e+04
7.607463349902449409e+04
7.622191797404119279e+04
7.636644689523406851e+04
7.651505336172787065e+04
7.667064890170021681e+04
7.682014962228058721e+04
7.696078515969141154e+04
7.711070651392298169e+04
7.727718739173989161e+04
7.741834808991494356e+04
7.756524962747261452e+04
7.770401243363427056e+04
7.785655087682344310e+04
7.800973267252376536e+04
7.816963127050573530e+04
7.831922205137454148e+04
7.844634365914504451e+04
7.860102195584234141e+04
7.876944136080490716e+04
7.889137906485734857e+04
7.903559200471766235e+04
7.918719758069860109e+04
7.932616413693255163e+04
7.947458425789729517e+04
7.963868448116951913e+04
7.978730211679160129e+04
7.994054467361936986e+04
8.008349643319740426e+04
8.024200701796292560e+04
8.037843972760687757e+04
8.052882644411355432e+04
8.068337777432949224e+04
8.082831657351957983e+04
8.100711642791578197e+04
8.116085536969130044e+04
8.131351235212654865e+04
8.147118356163526187e+04
8.160303044471477915e+04
8.173542217513141804e+04
8.188096171433720156e+04
8.202523103237414034e+04
8.215480990514006407e+04
8.231724405768788711e+04
8.247327720038976986e+04
8.263941429839715420e+04
8.280521829990588594e+04
8.297461945236711472e+04
8.311742040948758950e+04
8.326546288846836251e+04
8.341416251383566123e+04
8.356776652309609926e+04
8.370446255696970911e+04
8.387053247193004063e+04
8.403010607691407495e+04
8.418804294476917130e+04
8.435764670204906724e+04
8.451466257410668186e+04
8.466394499885923869e+04
8.481105983374956122e+04
8.498805352670674620e+04
8.514330905069649452e+04
8.531832411162088101e+04
8.548893466919443745e+04
8.563661710670376488e+04
8.581152048874156026e+04
8.596954630904602527e+04
8.612897539345023688e+04
8.628258437292421877e+04
8.646959423088925541e+04
8.660857668076669506e+04
8.675852258861689188e+04
8.690948719366453588e+04
8.704955724268783524e+04
8.718326381771889282e+04
8.732707289724951261e+04
8.746744021736968716e+04
8.763087800468815840e+04
8.778394025518790295e+04
8.793947324062231928e+04
8.810661640493641607e+04
8.825753502664586995e+04
8.840526824393653078e+04
8.852998535098863067e+04
8.866602599580891547e+04
8.881061139020811243e+04
8.896973753773038334e+04
8.912898227692606451e+04
8.928227913176421134e+04
8.944027598532657430e+04
8.961453849722845189e+04
8.976523746131050575e+04
8.991426106441699085e+04
9.007762672562153602e+04
9.023503884730108257e+04
9.039686161387624452e+04
9.055488356405556260e+04
9.070847187695786124e+04
9.086078431689702848e+04
9.101157290915855265e+04
9.115839718273593462e+04
9.131193256637660670e+04
9.145799373777146684e+04
9.160930999438928848e+04
9.175315785397382569e+04
9.189725617507750576e+04
9.208641309253785585e+04
9.224404138206677453e+04
9.239045799993262335e+04
9.253551854490948608e+04
9.266632243473877315e+04
9.281724467940752220e+04
9.297230350553947210e+04
9.311195514609912061e+04
9.326031044584697520e+04
9.340624206191334815e+04
9.353902457079489250e+04
9.367818163329632080e+04
9.383927398862921109e+04
9.397567479516312596e+04
9.411966583038301906e+04
9.425136346816019795e+04
9.438770330429061141e+04
9.453007438889807963e+04
9.469805204657034483e+04
9.482984760162423481e+04
9.497157465672101534e+04
9.512745942509875749e+04
9.529756872687493160e+04
9.543250207905302523e+04
9.558681001497257967e+04
9.573196544368144532e+04
9.586842470463158679e+04
9.601336128816280689e+04
9.616801013107391191e+04
9.631833056788553949e+04
9.645135784179020266e+04
9.659365513738209847e+04
9.674321962538540538e+04
9.689823016316628491e+04
9.703488330999956816e+04
9.718218964206776582e+04
9.733929110990454501e+04
9.749694956247590017e+04
9.766960375450471474e+04
9.782259354367967171e+04
9.796940932864310162e+04
9.815696223969139101e+04
9.830044562217927887e+04
9.844317745579624898e+04
9.858199366759265831e+04
9.873486460751084087e+04
9.887310063978568360e+04
9.904738994698713941e+04
9.918292729285209498e+04
9.934545096067780105e+04
9.950573590431730554e+04
9.966674364991170296e+04
9.982795753794774646e+04
9.997125836024971795e+04
1.001174958123218530e+05
1.002492046503654128e+05
1.003979361018333293e+05
1.005547959410297190e+05
1.007095427607265592e+05
1.008734483625225257e+05
1.010162898540301394e+05
1.011552974953649973e+05
1.012909245886770368e+05
1.014280227947505191e+05
1.015733154010047438e+05
1.017239521468540188e+05
1.018791140490226098e+05
1.020271778035101888e+05
1.021872642944442341e+05
1.023355652203347563e+05
1.024932425282907643e+05
1.026265114357691928e+05
1.027680273522989592e+05
1.029390372034385509e+05
1.030825356398578297e+05
1.032259572193862987e+05
1.033791491822126700e+05
1.035386389109066949e+05
1.036624362332690653e+05
1.037949529469428817e+05
1.039458241625252704e+05
1.041085056317614508e+05
1.042614644256821484e+05
1.044161121236791514e+05
1.045655619074957503e+05
1.047216504003779264e+05
1.048669109570842265e+05
1.050160497493972362e+05
1.051572523906688875e+05
1.053127580600649089e+05
1.054722715504522203e+05
1.056232168184175971e+05
1.057682944063729519e+05
1.059437635205976112e+05
1.060985950794234523e+05
1.062433207324614777e+05
1.064093280268436938e+05
1.065490345403401443e+05
1.067013345376936486e+05
1.068369673960871587e+05
1.069826168120334769e+05
1.071270385349173885e+05
1.072939239721033955e+05
1.074338639949299686e+05
1.075926161412160145e+05
1.077431982150812109e+05
1.078998957036736247e+05
1.080296095736335410e+05
1.081758187911178102e+05
1.083140984544454695e+05
1.084550584490141046e+05
1.086097452804694331e+05
1.087414564390956511e+05
1.088987485046055226e+05
1.090458035724322399e+05
1.091959328050362383e+05
1.093460893967208685e+05
1.095031862694922602e+05
1.096623276410864928e+05
1.098181155106696096e+05
1.099487575955157372e+05
1.100997238958775997e+05
1.102305578976064862e+05
1.103882350249845040e+05
1.105329323796125245e+05
1.106566116842534393e+05
1.107977104669496621e+05
1.109508322959740326e+05
1.110887314420651819e+05
1.112416498070012894e+05
1.114121920068475156e+05
1.115672907320032682e+05
1.117243002602121414e+05
1.118607436007789656e+05
1.120082623208155419e+05
1.121618431138649466e+05
1.123030255876322772e+05
1.124349832371627417e+05
1.125804440585434495e+05
1.127301158144652727e+05
1.128600716483142751e+05
1.130001692526124534e+05
1.131580127260979207e+05
1.133104361587820458e+05
1.134625429303440906e+05
1.136270858619569335e+05
1.137516450485570676e+05
1.139040579133695865e+05
1.140448486059420247e+05
1.141963382237993792e+05
1.143563310402519128e+05
1.145054405928631750e+05
1.146669582012886822e+05
1.148208276709766214e+05
1.149710116675795143e+05
1.151154005705789314e+05
1.152747258993216383e+05
1.154128243063568079e+05
1.155565685101859708e+05
1.157073725950831431e+05
1.158659763986135367e+05
1.160147153419569368e+05
1.161407168512756471e+05
1.162946867574695207e+05
1.164444517364215571e+05
1.165838671320231369e+05
1.167375165322238463e+05
1.168652282137060392e+05
1.170082575678182620e+05
1.171583666090527258e+05
1.173128934378419945e+05
1.174707125562185538e+05
1.176366771667077701e+05
1.177825950240470265e+05
1.179349932376170036e+05
1.180785807363667845e+05
1.182352288367985602e+05
1.183777463113651611e+05
1.185254843869234901e+05
1.186585796354404010e+05
1.188079940162634593e+05
1.189584003272209811e+05
1.190891468454429414e+05
1.192669858398195065e+05
1.194150572336881887e+05
1.195398555218327965e+05
1.196747092687216063e+05
1.198121868761035876e+05
1.199737952899531374e+05
1.201033678236111446e+05
1.202592027256495785e+05
1.204164560951803578e+05
1.205514131234788074e+05
1.207027004609312862e+05
1.208452866471796588e+05
1.209884325092145591e+05
1.211266982237284101e+05
1.212684417564459727e+05
1.214303980315622757e+05
1.215773676428964827e+05
1.217194140192331251e+05
1.218687413690482645e+05
1.220300837431718246e+05
1.221911219495155674e+05
1.223363932346474321e+05
1.224774550027035002e+05
1.226278061253431806e+05
1.227640553391724243e+05
1.229039583872341900e+05
1.230689768065366225e+05
1.232128776141046546e+05
1.233682251351734158e+05
1.235114736750375305e+05
1.236680118612119695e+05
1.238165127890647564e+05
1.239670793165682990e+05
1.241144922518930689e+05
1.242607274301867292e+05
1.243846688611264981e+05
1.245283032711983251e+05
1.246888040828530939e+05
1.248430614045648690e+05
1.249808560802589782e+05
1.251351099718953919e+05
1.252855300201706705e+05
1.254361344681166229e+05
1.255740092173242883e+05
1.257291696565416205e+05
1.258674526278168341e+05
1.260193487124333478e+05
1.261592876848128799e+05
1.263302369091434375e+05
1.265016823210983275e+05
1.266455481962752383e+05
1.267947971889260371e+05
1.269534568405092577e+05
1.271066251350490056e+05
1.272642305542783288e+05
1.274247932377797842e+05
1.275582440219660784e+05
1.277238752582347952e+05
1.278546119706670579e+05
1.280121860658329388e+05
1.281536565439712431e+05
1.282976664132425358e+05
1.284375964233819541e+05
1.285920890953882626e+05
1.287356489959921309e+05
1.288649684887709736e+05
1.289940616998540936e+05
1.291443144790658698e+05
1.292903888371998037e+05
1.294392510183932463e+05
1.296034016078493296e+05
1.297616657087509811e+05
1.299069494041963917e+05
1.300703406753750460e+05
1.302118304163144639e+05
1.303708759844990273e+05
1.305085047660046548e+05
1.306441267307446251e+05
1.307962871584670938e+05
1.309266760478437500e+05
1.310893579888256209e+05
1.312331927379581903e+05
1.313704354974632442e+05
1.315156127528174839e+05
1.316586015254209633e+05
1.318057729485805612e+05
1.319584392051904579e+05
1.321007200290634355e+05
1.322461906973822915e+05
1.323932050456124707e+05
1.325403811275156040e+05
1.326978166108752484e+05
1.328310678177263471e+05
1.329800381296222331e+05
1.331358081295079319e+05
1.332861911021539709e+05
1.334354070078204677e+05
1.335926290907385992e+05
1.337458020016531809e+05
1.338795035738831793e+05
1.340269224870271282e+05
1.341808697957410186e+05
1.343477018408459553e+05
1.344939559294925712e+05
1.346453640336538374e+05
1.347967039441018132e+05
1.349280358673558512e+05
1.350681284235087223e+05
1.352190210624949832e+05
1.353534849812317698e+05
1.355024834730278526e+05
1.356486369494214596e+05
1.357913338704100461e+05
1.359338277064703871e+05
1.360847580423075706e+05
1.362360948851893481e+05
1.363845368933906720e+05
1.365278408208212350e+05
1.366862238346925878e+05
1.368399029675266647e+05
1.369997122945024457e+05
1.371545957520166121e+05
1.372922574143269449e+05
1.374357147820249666e+05
1.375837389169943926e+05
1.377207503028509964e+05
1.378704585014696931e+05
1.380142478281010699e+05
1.381588422219104541e+05
1.383118301144257130e+05
1.384540530087178631e+05
1.386035296118041151e+05
1.387596930333659693e+05
1.388962731984957063e+05
1.390372106579992687e+05
1.391941605203610088e+05
1.393278326005666167e+05
1.394832226161478320e+05
1.396447723397978407e+05
1.397635013643710699e+05
1.399160133391164127e+05
1.400505379277858301e+05
1.401987471333409194e+05
1.403425859396565356e+05
1.404873937438295397e+05
1.406324643692571262e+05
1.407753514988640381e+05
1.409283732263691782e+05
1.410570431356821209e+05
1.412072382843652158e+05
1.413556417663871543e+05
1.414995324009831238e+05
1.416593856019962113e+05
1.417832698492779455e+05
1.419443251880102034e+05
1.420791992491351557e+05
1.422168844683135976e+05
1.423681721324076934e+05
1.425032246366562031e+05
1.426434002396220749e+05
1.427818887351626181e+05
1.429173575003902370e+05
1.430551549467510777e+05
1.431924880250106507e+05
1.433421026981399045e+05
1.434982046790955355e+05
1.436515817840208765e+05
1.438279230837499781e+05
1.439566736945706652e+05
1.441216916599967517e+05
1.442698971766701143e+05
1.444161027309985657e+05
1.445509500934498210e+05
1.447106399464890419e+05
1.448439432842931419e+05
1.449768248343986052e+05
1.451377056114313309e+05
1.452888565517038514e+05
1.454447275445242994e+05
1.455942990590712288e+05
1.457519960070568195e+05
1.459031632500171836e+05
1.460420765247991949e+05
1.462044143128862197e+05
1.463489734719721891e+05
1.465093769346699410e+05
1.466646040408671251e+05
1.468126556175146834e+05
1.469591595773927984e+05
1.471082499787425622e+05
1.472509537185438385e+05
1.473918849326247873e+05
1.475407078643635905e+05
1.476853593187497463e+05
1.478402260077046521e+05
1.479941639650160505e+05
1.481555797582179075e+05
1.483114708360845107e+05
1.484727877849653014e+05
1.486127971969059727e+05
1.487785310019395547e+05
1.489299104200948204e+05
1.490678761519608379e+05
1.492161255368206766e+05
