2.316185729025673936e+02
3.386408219998239701e+02
4.564896387932719222e+02
5.937331987245848950e+02
7.316965572825662321e+02
8.664430365786023458e+02
9.980751449364371410e+02
1.133625902835932038e+03
1.269028320751069941e+03
1.398563500627538815e+03
1.515602727028172922e+03
1.651859839121872483e+03
1.771661809081061620e+03
1.913874971739374359e+03
2.064917054174155055e+03
2.199120954590454858e+03
2.319120232079711514e+03
2.456736809533482301e+03
2.600586349804465499e+03
2.721590884655001901e+03
2.872410931729293679e+03
2.996358977299000344e+03
3.149945986617959534e+03
3.270301854494987310e+03
3.384811222194184211e+03
3.507163645568592983e+03
3.655328430899581235e+03
3.800936914345457808e+03
3.922616286692194080e+03
4.049699219172966878e+03
4.183949771846030671e+03
4.329082961047865865e+03
4.466263041416795204e+03
4.586122538667696062e+03
4.727868485591162425e+03
4.862858513363993552e+03
5.001603556750375901e+03
5.137231278500970802e+03
5.257802888323549269e+03
5.377551252073737487e+03
5.502103840067387864e+03
5.636440474528118102e+03
5.794731215554176742e+03
5.924170147621414799e+03
6.051888546993212913e+03
6.195773610089186150e+03
6.324580955344801623e+03
6.452456453728035740e+03
6.595104442502433812e+03
6.732367970863200753e+03
6.849833037493936899e+03
6.974510240144289128e+03
7.107665168274676944e+03
7.250631403066268831e+03
7.385632070394723087e+03
7.492230812652098393e+03
7.634076490945594742e+03
7.764822375069883492e+03
7.885210969445040064e+03
8.026702917941194755e+03
8.162305377057825353e+03
8.283878383639437743e+03
8.401060894827025550e+03
8.513930189865834109e+03
8.634810897310779183e+03
8.756552517911737596e+03
8.890365693688438114e+03
9.019686240567285495e+03
9.138832511705792058e+03
9.256836053367906061e+03
9.389554152703520231e+03
9.510871106503132978e+03
9.643235170978792667e+03
9.781034611674469488e+03
9.911025392210207428e+03
1.002343307871005527e+04
1.016067667686719687e+04
1.028094484212486714e+04
1.040763439837744045e+04
1.052549514427370195e+04
1.064044323377808905e+04
1.076367422345601699e+04
1.087837452429273799e+04
1.101133336997536571e+04
1.112559098321916099e+04
1.124887430078550824e+04
1.138687106310353374e+04
1.150584242803850429e+04
1.161878815279411720e+04
1.174559657216765299e+04
1.185758385805071703e+04
1.197308759833559816e+04
1.210288803282698063e+04
1.221696268873722147e+04
1.233233938705945548e+04
1.245484736649248407e+04
1.258501466877689381e+04
1.272333310556595461e+04
1.284108626393666054e+04
1.296120474268237012e+04
1.307584843433306560e+04
1.319305470821925701e+04
1.331409634878126235e+04
1.342301734908221079e+04
1.353041776131963525e+04
1.365805924490059078e+04
1.379720625726207800e+04
1.395017984125396288e+04
1.408500177412732592e+04
1.419630561158636192e+04
1.430742760065087350e+04
1.443448672626714324e+04
1.454985804977489533e+04
1.466454811990565759e+04
1.478114398153560251e+04
1.491318881247726131e+04
1.503597189732420884e+04
1.513594064511828765e+04
1.524930877669400616e+04
1.536577345523689291e+04
1.548755908810742039e+04
1.559738887143023203e+04
1.571634161998604395e+04
1.583470780543045475e+04
1.594972171513514695e+04
1.606063981098989643e+04
1.619578080490398679e+04
1.629899650681726234e+04
1.642343537094040948e+04
1.653841847663170847e+04
1.665502222541335505e+04
1.678242674211636040e+04
1.689835891249009001e+04
1.700542342729476877e+04
1.713339578296484979e+04
1.725127280221960609e+04
1.736882814682157914e+04
1.748373916128106794e+04
1.761754267269976845e+04
1.773259240102991316e+04
1.784649249065724871e+04
1.795006508782523088e+04
1.808644770075657289e+04
1.820934304705450995e+04
1.832876218612295997e+04
1.845011488551152434e+04
1.857289736456727042e+04
1.868460308103780699e+04
1.881881217924799785e+04
1.893539979770455102e+04
1.905803211223755716e+04
1.917686032448798142e+04
1.929675751346231118e+04
1.942312332096029058e+04
1.953828263107767634e+04
1.966220267315734600e+04
1.978206659067091823e+04
1.991699789533972944e+04
2.003090470507591817e+04
2.017473779763300990e+04
2.029925354528115713e+04
2.040830495998079277e+04
2.053775563243242868e+04
2.064361824920640720e+04
2.077694429505302469e+04
2.089216387343376118e+04
2.100821319359018889e+04
2.112291431986908719e+04
2.124181412322654433e+04
2.136035646060507497e+04
2.147223790389763599e+04
2.158613169536810528e+04
2.170492051151523629e+04
2.183839134870059934e+04
2.195346291336927970e+04
2.206818450444781047e+04
2.218237517673093316e+04
2.231194524087684113e+04
2.242363873022323605e+04
2.253413033094875209e+04
2.266281947161237622e+04
2.278557139109352283e+04
2.289447996282574968e+04
2.301592742591845672e+04
2.312677376360886410e+04
2.324353165985493615e+04
2.335950006514455526e+04
2.348986258631910823e+04
2.360680194889538689e+04
2.371739662476559170e+04
2.383845202150796467e+04
2.397058454986303695e+04
2.408209303846855255e+04
2.420076464967612628e+04
2.432095883065519592e+04
2.443317953854098232e+04
2.455782184578076340e+04
2.467047255194705576e+04
2.477744502442030716e+04
2.489495191526172857e+04
2.500119249174925426e+04
2.510887640615721830e+04
2.521670954631757195e+04
2.532904286780285111e+04
2.544726411936825025e+04
2.555326442288333783e+04
2.567903610944984393e+04
2.578656348187080584e+04
2.592038810891655157e+04
2.604076209147055852e+04
2.615200754699446406e+04
2.628256521140919358e+04
2.639563009056153533e+04
2.651872769902667642e+04
2.664212718857100481e+04
2.675318191688811930e+04
2.686681052857686882e+04
2.697203150258328242e+04
2.708293183385319571e+04
2.721294125813000574e+04
2.732686641137704282e+04
2.746096048394818717e+04
2.757257666689004327e+04
2.770272082949155811e+04
2.781314605087361997e+04
2.793425121688820946e+04
2.804610239138826728e+04
2.815873585825019836e+04
2.826890828415629949e+04
2.838199357469668394e+04
2.849707462096022209e+04
2.860601186323447473e+04
2.872584366324729126e+04
2.884309793516416175e+04
2.895415185197065148e+04
2.906866474389438008e+04
2.918588232379566398e+04
2.929655213978452957e+04
2.941856314672191002e+04
2.953037233156694128e+04
2.963735288632648735e+04
2.975523279691241260e+04
2.986686325261849925e+04
2.998277427114883176e+04
3.011392999166616210e+04
3.024534583601802660e+04
3.037804466850458630e+04
3.049146241286962322e+04
3.060361818667174521e+04
3.070932732081323411e+04
3.082213067888840669e+04
3.094038166566505970e+04
3.105036480968754404e+04
3.115791360771432664e+04
3.127166959693422541e+04
3.139050308568260880e+04
3.149506682530720718e+04
3.162399598757056083e+04
3.173104131134253112e+04
3.185006778359503369e+04
3.198382953085167537e+04
3.208891268500780279e+04
3.221927852191738202e+04
3.234244703656416823e+04
3.245724807391901049e+04
3.257123293022297366e+04
3.268370638702516226e+04
3.279304421180150530e+04
3.293375867918063886e+04
3.306515138013703108e+04
3.318177362054543482e+04
3.328736245097691426e+04
3.340798589012293814e+04
3.351823792054102523e+04
3.363768616530812142e+04
3.375374483421140030e+04
3.386574688717559184e+04
3.397861761296596524e+04
3.409130744706848782e+04
3.420697018696789019e+04
3.432159753407099197e+04
3.443354328801871452e+04
3.454026702138196561e+04
3.465374302285616432e+04
3.478730719537050027e+04
3.489131631154096976e+04
3.500541307172453526e+04
3.511238818077502947e+04
3.522357948110848520e+04
3.533617954689328326e+04
3.545056944843784004e+04
3.557741996689130610e+04
3.568708984291843080e+04
3.580602963584871031e+04
3.591802296328845114e+04
3.604867554160489090e+04
3.616543305966634216e+04
3.628160759229152609e+04
3.639578447613902244e+04
3.651301656212051603e+04
3.664550676219347224e+04
3.675444061321442132e+04
3.686069695334240532e+04
3.697496607231382950e+04
3.710413679628579121e+04
3.721548188964644214e+04
3.732772107976279221e+04
3.744322996311587485e+04
3.755731611687341501e+04
3.766331336698954692e+04
3.779154435322405334e+04
3.790633194584200828e+04
3.801797217287468084e+04
3.814722051927559369e+04
3.825857212568578689e+04
3.836120420345504681e+04
3.848396276566986489e+04
3.859775900204291975e+04
3.870493438610102021e+04
3.882239768773711694e+04
3.893383435208381707e+04
3.904974354501456401e+04
3.917865229160836316e+04
3.928972409207629244e+04
3.940224104299808823e+04
3.951667632018801669e+04
3.963327201731767127e+04
3.976311854541326466e+04
3.987885519738851144e+04
3.999072789807958907e+04
4.010197354872713913e+04
4.021482130428114760e+04
4.032655034167051053e+04
4.046046508839567832e+04
4.057042067561950535e+04
4.069428511970130057e+04
4.080683856886220747e+04
4.091777815992198157e+04
4.103076719984455121e+04
4.114631085499460460e+04
4.125956293285186985e+04
4.139642909703942860e+04
4.150898086850115942e+04
4.162234030956969946e+04
4.175359277798776748e+04
4.186825730259314150e+04
4.198413439570975606e+04
4.210900044680446445e+04
4.222632740634027141e+04
4.233221764271404390e+04
4.244731612824348122e+04
4.256422052943754534e+04
4.267966245596326189e+04
4.278759258090683579e+04
4.289978950061825890e+04
4.301292930751611857e+04
4.311854611550419213e+04
4.323725921529313200e+04
4.334700421196208481e+04
4.345961257671131170e+04
4.357761773542346782e+04
4.369123071471379080e+04
4.380063621472194063e+04
4.391290447412440699e+04
4.401751981666759821e+04
4.412604912736365804e+04
4.424687137197411357e+04
4.436121498710355809e+04
4.448904066343297745e+04
4.459865130235904508e+04
4.470674419062932429e+04
4.481231546271408297e+04
4.492394071894400258e+04
4.503782968629160314e+04
4.516395139538250805e+04
4.527245187816043472e+04
4.539553302376411011e+04
4.550942831192254380e+04
4.562146079974931490e+04
4.573230739150499721e+04
4.584300026901529782e+04
4.596331672905896994e+04
4.607498370833824447e+04
4.618998352409479412e+04
4.630489238742297312e+04
4.641625354416941991e+04
4.652657850307194894e+04
4.663793033246758569e+04
4.678461928420470213e+04
4.691691797316736483e+04
4.702833393996134691e+04
4.713603988847472647e+04
4.726473307785056386e+04
4.737213356083982944e+04
4.748516719853016548e+04
4.759820817862445256e+04
4.771061255032330519e+04
4.782726925673105870e+04
4.793551067776789569e+04
4.804968073780489794e+04
4.816503059047393617e+04
4.828157932615828759e+04
4.840533369743265212e+04
4.852522380041894939e+04
4.864231031097316736e+04
4.876052617728242330e+04
4.886940319733505021e+04
4.897458179506655870e+04
4.908272858438496041e+04
4.919399400394993427e+04
4.930796879252540384e+04
4.941912899912777357e+04
4.952795216704731865e+04
4.963804751808369474e+04
4.975033181665807933e+04
4.986820465806457651e+04
4.997800844047404098e+04
5.008706051469373051e+04
5.020103933586951462e+04
5.031228348191273835e+04
5.042490634402607247e+04
5.054080993882953044e+04
5.065700681877591705e+04
5.076740160218663368e+04
5.089863963124981819e+04
5.101079371619292942e+04
5.112741408488654270e+04
5.123888631713941140e+04
5.134613341268720978e+04
5.146761534965732426e+04
5.159293019921072118e+04
5.169810204995659296e+04
5.181174633313984668e+04
5.192716357498061552e+04
5.204006573121868860e+04
5.215078587640592741e+04
5.226174068271963915e+04
5.237882904258544295e+04
5.249173840373278654e+04
5.260369157598043967e+04
5.271474632193299476e+04
5.282763160486846755e+04
5.294184062916565017e+04
5.305531100119356415e+04
5.316998733083125262e+04
5.328711590764798893e+04
5.339998544672009302e+04
5.351463169407119858e+04
5.362390757646471320e+04
5.373701590964684874e+04
5.384170560390008905e+04
5.394879041680598311e+04
5.406302713804110681e+04
5.418018498018276296e+04
5.428749184426743159e+04
5.439274772367876722e+04
5.450563697868836607e+04
5.461505412704699847e+04
5.472160664249880938e+04
5.483068913828982477e+04
5.494149103817062132e+04
5.505464800288834522e+04
5.516467890288001945e+04
5.527729352681585442e+04
5.538858196286794555e+04
5.550123110882599576e+04
5.560765015124657657e+04
5.571413929716833809e+04
5.584768810079351533e+04
5.596227365247526177e+04
5.609499475879687816e+04
5.620604303654937394e+04
5.631270709664726746e+04
5.642730186139549187e+04
5.653893051866013411e+04
5.664993012426530913e+04
5.676560154458833131e+04
5.687275836741546664e+04
5.697681297864126100e+04
5.708556796135076002e+04
5.721312762698850565e+04
5.732449233440894750e+04
5.743140387377970910e+04
5.754534781803387159e+04
5.765771287330696214e+04
5.776283912312941538e+04
5.787871895139128173e+04
5.799395409248219948e+04
5.810613935021522775e+04
5.821711544951003452e+04
5.832972684438381839e+04
5.844159897626131715e+04
5.854329788553493563e+04
5.865852611198501836e+04
5.877124053542074398e+04
5.888563388590301474e+04
5.900231750021949847e+04
5.912075044036115287e+04
5.923494478583028103e+04
5.935256609755225509e+04
5.946335340862126031e+04
5.957706057669442089e+04
5.968386179625736986e+04
5.979283774070873915e+04
5.989800652205306687e+04
6.000945558812644595e+04
6.012011257195329381e+04
6.023571667811262159e+04
6.034725881119206315e+04
6.046062610665352258e+04
6.056910129065295769e+04
6.068313080623279529e+04
6.079382892099956371e+04
6.090226043820325867e+04
6.101213956096600305e+04
6.111806136682631768e+04
6.123460977683930105e+04
6.134470230025667843e+04
6.145506460760883783e+04
6.156101287511928240e+04
6.167718225315881136e+04
6.179314488666159741e+04
6.190574685355165275e+04
6.201939346617270348e+04
6.212939358349078975e+04
6.224255087796069711e+04
6.235360561227513244e+04
6.246514943759948073e+04
6.257954752164727688e+04
6.269372261103784695e+04
6.280311154853035259e+04
6.291428274353188317e+04
6.302690307975629548e+04
6.314257842407606222e+04
6.326234672460124420e+04
6.337573522042977856e+04
6.348824894866619434e+04
6.360071765501890332e+04
6.370980391374146711e+04
6.382146691376153467e+04
6.393368713975841092e+04
6.404618486043262237e+04
6.414862586645732517e+04
6.426555311192548834e+04
6.436745911333964614e+04
6.447572443158105307e+04
6.458301248029003909e+04
6.469540993368541240e+04
6.480677181937936984e+04
6.491788426273643563e+04
6.502529147357591864e+04
6.512748015981182107e+04
6.523714158848359511e+04
6.534197072694623057e+04
6.544611317917030829e+04
6.555857286266567826e+04
6.567292240935847803e+04
6.578548166962391406e+04
6.590106440670062148e+04
6.600707730795499810e+04
6.611601042318702093e+04
6.622616708055394702e+04
6.633640943552646786e+04
6.644368189323104161e+04
6.655301099859939131e+04
6.665622340699321649e+04
6.677131955460323661e+04
6.688330863220671017e+04
6.700281528245098889e+04
6.712316899278858909e+04
6.723298730322721531e+04
6.734357312677356822e+04
6.746020658354386978e+04
6.758170206883222272e+04
6.769280019117622578e+04
6.780480647648550803e+04
6.791673667668667622e+04
6.802801604363392107e+04
6.813863565545434540e+04
6.824783303467114456e+04
6.836266969081622665e+04
6.846727961215999676e+04
6.858069884907330561e+04
6.869280453941895394e+04
6.880516453582131362e+04
6.891134850093915884e+04
6.902536542735453986e+04
6.913747942403079651e+04
6.925034358301502652e+04
6.936619005586368439e+04
6.948025572667672532e+04
6.959336025314235303e+04
6.971229708431690233e+04
6.982806581852016097e+04
6.994434900442979415e+04
7.004883638812002027e+04
7.016061345969818649e+04
7.027359077129042998e+04
7.037951641783954983e+04
7.049218398464415804e+04
7.060447405928067747e+04
7.071950083282879496e+04
7.082778442738833837e+04
7.094730982892491738e+04
7.105724794562961324e+04
7.117307258669289877e+04
7.128583625089882116e+04
7.140040002076394740e+04
7.151336734635935863e+04
7.162844456207532494e+04
7.173900750144262565e+04
7.185390230275713839e+04
7.197325530484438059e+04
7.208906057551073900e+04
7.219565474116516998e+04
7.230011713411778328e+04
7.240722601217066403e+04
7.252554483032283315e+04
7.263954517829178076e+04
7.275284627620868559e+04
7.286429576229932718e+04
7.298010245231664157e+04
7.309842198480066145e+04
7.321362519495526794e+04
7.332543730328293168e+04
7.343764374643113115e+04
7.355103798777329212e+04
7.365873624696220213e+04
7.376897932905683410e+04
7.388218410354261869e+04
7.399693204385839636e+04
7.411085128481863649e+04
7.422051923958213592e+04
7.432872788989053515e+04
7.444902666280201811e+04
7.456720745924879157e+04
7.467413719456865510e+04
7.478759338835167000e+04
7.490629386520767002e+04
7.501620739448255335e+04
7.512654578591242898e+04
7.524476652272869251e+04
7.534994783556947368e+04
7.548356469479150837e+04
7.559346419013394916e+04
7.570584693562303437e+04
7.582162698433855257e+04
7.592568300884493510e+04
7.603767529076737992e+04
7.614888711803262413e+04
7.626334744736745779e+04
7.637364230798909557e+04
7.648488590443145949e+04
7.659590065572573803e+04
7.670668937411982915e+04
7.681321314332549809e+04
7.692355777261656476e+04
7.703952032106190745e+04
7.715280766776869132e+04
7.726585705700710241e+04
7.737413204648450483e+04
7.748744450304901693e+04
7.759992880022189638e+04
7.771105751830695954e+04
7.782328212430974236e+04
7.792866576476396585e+04
7.804289997111163393e+04
7.815442064681362535e+04
7.826215441149231629e+04
7.837601558020304947e+04
7.849720212955170427e+04
7.861664461749998736e+04
7.872708562470585457e+04
7.883764486409936217e+04
7.895081572423144826e+04
7.906380452196848637e+04
7.917461574305678369e+04
7.928050839843566064e+04
7.939209067995849182e+04
7.950780770514554752e+04
7.962022402700968087e+04
7.973744776234815072e+04
7.985018185053822526e+04
7.996409910035584471e+04
8.007651835943253536e+04
8.019010030096714036e+04
8.030445926725152822e+04
8.041422215878459974e+04
8.052045958272552525e+04
8.062934380720771151e+04
8.074112570501840673e+04
8.084952825539390324e+04
8.096687789106371929e+04
8.108201299966880470e+04
8.118526910049334401e+04
8.129634132147360651e+04
8.141627826031178120e+04
8.152693736700656882e+04
8.164352996119493037e+04
8.175690397722234775e+04
8.186437130364088807e+04
8.197495567096116429e+04
8.208431094184977701e+04
8.219019342854757269e+04
8.230888367248572467e+04
8.241466600314895913e+04
8.252802825732524798e+04
8.263691443432656524e+04
8.275900865090209118e+04
8.287564774232107447e+04
8.298209684591802943e+04
8.309389138432283653e+04
8.320337404266826343e+04
8.331349407525223796e+04
8.341988295090192696e+04
8.352524212321084633e+04
8.363937666789209470e+04
8.375417367502157867e+04
8.386047868218403892e+04
8.397439328978584672e+04
8.408713980329401966e+04
8.420000174895672535e+04
8.431223460866483219e+04
8.442229244835040299e+04
8.453280390010360861e+04
8.463625290217826841e+04
8.474687058252569113e+04
8.485255280761257745e+04
8.496714745162139297e+04
8.507825207594042877e+04
8.519153307985041465e+04
8.530523937560115883e+04
8.541801139472913928e+04
8.553095862313522957e+04
8.564285942357363820e+04
8.575479252927695052e+04
8.586692767188446305e+04
8.597808965397725115e+04
8.609542178437479015e+04
8.620843260900465248e+04
8.632519726475907373e+04
8.643776071258560114e+04
8.655009800641283800e+04
8.666416640450719569e+04
8.677861673592518491e+04
8.688935182974004420e+04
8.700235753294944880e+04
8.711662983722568606e+04
8.722839581071122666e+04
8.734844070361743798e+04
8.745818000669356843e+04
8.757269973485633091e+04
8.768064695974331698e+04
8.779687515025236644e+04
8.790323494764084171e+04
8.802648783026171441e+04
8.813375279252300970e+04
8.825375255354819819e+04
8.836545421087462455e+04
8.847699487151856010e+04
8.859231887437423575e+04
8.870959864912864577e+04
8.882489270281839708e+04
8.893493170968376216e+04
8.904527224966682843e+04
8.915579977053435869e+04
8.926634022516325058e+04
8.937363612316410581e+04
8.948226355027128011e+04
8.959455901257754886e+04
8.971041924293422198e+04
8.981771372996280843e+04
8.992553394662580104e+04
9.003680969308235217e+04
9.014523068700217118e+04
9.025682841303423629e+04
9.037156765184340475e+04
9.048609821069744066e+04
9.060124761373108777e+04
9.071566421182411432e+04
9.082021713784264284e+04
9.093877916122079478e+04
9.105187958428729326e+04
9.116650132786399627e+04
9.128285223622113699e+04
9.139409930797602283e+04
9.150906136617543234e+04
9.162903508819364652e+04
9.174051329268541303e+04
9.185370476934772159e+04
9.196597132445222815e+04
9.208193982358557696e+04
9.219492751321550168e+04
9.231110419969535724e+04
9.242693289122926944e+04
9.254256336486845976e+04
9.265802720852168568e+04
9.276981767910458439e+04
9.288503998215639149e+04
9.300263627862825524e+04
9.311591299252904719e+04
9.323121942255801696e+04
9.333604242970125051e+04
9.344896759701606061e+04
9.356059763712871063e+04
9.367381040280003799e+04
9.378634886283936794e+04
9.389693807211438252e+04
9.401051099456696829e+04
9.412181494757247856e+04
9.423625682728069660e+04
9.434709836015218752e+04
9.446079987061653810e+04
9.456656119998350914e+04
9.467821481191116618e+04
9.479179287097264023e+04
9.490805107138075982e+04
9.501755738910446235e+04
9.513090747051716608e+04
9.524217693517342559e+04
9.535702947865876195e+04
9.546427931319842173e+04
9.557629679594750633e+04
9.568112787360533548e+04
9.579114284214303188e+04
9.589796264153571974e+04
9.601662229291259428e+04
9.612440525606961455e+04
9.623508966470423911e+04
9.634084611764001602e+04
9.645138680699979886e+04
9.656340727509892895e+04
9.666933152619698376e+04
9.678730340167037502e+04
9.689821803897326754e+04
9.700902952360855124e+04
9.712135722369771975e+04
9.722762315693801793e+04
9.734483640020014718e+04
9.746860855312748754e+04
9.757667533738080238e+04
9.768744480149248557e+04
9.779802231756292167e+04
9.790118126600998221e+04
9.801584647387023142e+04
9.813606443380698329e+04
9.824943914974239306e+04
9.835914837079506833e+04
9.847289508958383522e+04
9.858479851968161529e+04
9.869525201881308749e+04
9.880845806694478961e+04
9.891255317311616091e+04
9.902269856545426592e+04
9.914024943332861585e+04
9.924986560551880393e+04
9.935330436442674545e+04
9.946756855888495920e+04
9.957765722308130353e+04
9.969648293834135984e+04
9.980870510085421847e+04
9.991442453313816804e+04
1.000212562836086581e+05
1.001333097707546985e+05
1.002525485510012077e+05
1.003716143129592238e+05
1.004838599303093797e+05
1.005988203788319661e+05
1.007131522133107355e+05
1.008211744807876530e+05
1.009357347678512597e+05
1.010531997281441145e+05
1.011624860406341468e+05
1.012708421922416455e+05
1.013913302963864408e+05
1.015095634862292209e+05
1.016220944223436527e+05
1.017311153019136400e+05
1.018510142336483841e+05
1.019612461715560639e+05
1.020724515947127802e+05
1.021764266967753210e+05
1.022882380655675806e+05
1.024008281337496737e+05
1.025143330696588382e+05
1.026276971435904998e+05
1.027358702307012281e+05
1.028537296441604267e+05
1.029650051584111643e+05
1.030745191629937472e+05
1.031881800742000778e+05
1.032978185424455587e+05
1.034104848433848238e+05
1.035315692327510769e+05
1.036500558127525001e+05
1.037631472715253185e+05
1.038785400805567915e+05
1.039894930803456373e+05
1.040987116643597110e+05
1.042030457735506789e+05
1.043103192681793007e+05
1.044217912054177432e+05
1.045289288411168091e+05
1.046428264563778648e+05
1.047529565365513699e+05
1.048742321615872061e+05
1.049795714549119148e+05
1.050926800639322755e+05
1.051983752298302134e+05
1.053068546386195958e+05
1.054181609491541312e+05
1.055296082994460594e+05
1.056465721114467306e+05
1.057528024029263615e+05
1.058605652787302388e+05
1.059716174325135944e+05
1.060832539507351321e+05
1.061967113096858229e+05
1.063099759456870670e+05
1.064219491822554846e+05
1.065430309988437366e+05
1.066595933546975284e+05
1.067747678588994895e+05
1.068866368234044494e+05
1.070044539746622613e+05
1.071156593133152492e+05
1.072258693906501867e+05
1.073364440029553225e+05
1.074476042621998349e+05
1.075590414641357202e+05
1.076736081692697626e+05
1.077874224988146016e+05
1.078980651995479275e+05
1.080083935811880074e+05
1.081230672155953071e+05
1.082341857802244049e+05
1.083424496385641251e+05
1.084520779751789523e+05
1.085668975973974884e+05
1.086793020866621373e+05
1.087942473547895934e+05
1.089112408156153542e+05
1.090208337023765489e+05
1.091317744634089759e+05
1.092421436913394282e+05
1.093561383469128632e+05
1.094668413360238919e+05
1.095798702942331875e+05
1.096886932050350588e+05
1.097973370662915404e+05
1.099125211065532640e+05
1.100313179971980135e+05
1.101457042018571956e+05
1.102577511509852193e+05
1.103658402257213311e+05
1.104737257554793177e+05
1.105916710089737462e+05
1.107053125759532122e+05
1.108180737196430127e+05
1.109308740183724149e+05
1.110477759444316907e+05
1.111540502434968366e+05
1.112638954499088577e+05
1.113754750754367269e+05
1.114859817739140854e+05
1.115993154321500479e+05
1.117091559406750166e+05
1.118155765099784330e+05
1.119324926684007951e+05
1.120373001397477055e+05
1.121402742377742397e+05
1.122527328784216807e+05
1.123656860926199151e+05
1.124774192059352208e+05
1.125913759381125128e+05
1.126991378710779682e+05
1.128047972905629431e+05
1.129209413716071431e+05
1.130270688606163312e+05
1.131293039428234188e+05
1.132439776220388012e+05
1.133472581938587828e+05
1.134586359455282509e+05
1.135725509455817810e+05
1.136837238204337336e+05
1.137908954428564757e+05
1.139077886780876433e+05
1.140202975511474506e+05
1.141350847675134864e+05
1.142472509984211065e+05
1.143657692502317077e+05
1.144829843621213658e+05
1.145989423021526891e+05
1.147083505410066573e+05
1.148199103081765934e+05
1.149277724916461011e+05
1.150373758557910041e+05
1.151379355868366401e+05
1.152544139808714826e+05
1.153667147889801417e+05
