3.633609483389757600e+01
1.239098988610336534e+02
1.603003945865013407e+02
1.940045562566089359e+02
2.700545280432196478e+02
3.351731361032862537e+02
3.738301249221902367e+02
4.092351055319506941e+02
4.584231240530700688e+02
4.943482038199531985e+02
5.582329970941103738e+02
6.367713136960737756e+02
6.813962510232537397e+02
7.126801567342564567e+02
7.532130230270564653e+02
8.674426149030516626e+02
9.191701395411658950e+02
1.008149176682467100e+03
1.061938670891304128e+03
1.108070312670603016e+03
1.140504923814608674e+03
1.198020266857789238e+03
1.258434872629063193e+03
1.301550129644955177e+03
1.357735626267279031e+03
1.397226304783214118e+03
1.442009798729487784e+03
1.499979903404591823e+03
1.552589294543220831e+03
1.577343585573089058e+03
1.611998997906091972e+03
1.643813677463195063e+03
1.670836272598739924e+03
1.695594246733045793e+03
1.731732506338329586e+03
1.755087092753331490e+03
1.846897943423864263e+03
1.895720829080163867e+03
1.922172955427882016e+03
1.947332856725364536e+03
1.985831351489953477e+03
2.013487808829102278e+03
2.043837438024069797e+03
2.083226726809699812e+03
2.147286612911264911e+03
2.218780358452620476e+03
2.249051751516107288e+03
2.272698796123112061e+03
2.317229780664408281e+03
2.352349579333658767e+03
2.387785878700240573e+03
2.473998950708124539e+03
2.539144102712134099e+03
2.597160575764209170e+03
2.627692265855862388e+03
2.669521732666498337e+03
2.693359146739729567e+03
2.728908598950355099e+03
2.755829430061247422e+03
2.773956002657280351e+03
2.803016301778736306e+03
2.835676707425850054e+03
2.869312511427679965e+03
2.918271362288272940e+03
2.961411701239181639e+03
3.005694549491812268e+03
3.078444539185709345e+03
3.111795591444135425e+03
3.136583916681059691e+03
3.163449590287558294e+03
3.221408405128817321e+03
3.255145226038816872e+03
3.273270821595902362e+03
3.333077284530003908e+03
3.392940938616927724e+03
3.444030934043362777e+03
3.493322387990653169e+03
3.528848952162968999e+03
3.586160138223281592e+03
3.622199056944365566e+03
3.665138689731800696e+03
3.716183563773074638e+03
3.761300713034809178e+03
3.792801820512720042e+03
3.823131206766249306e+03
3.859027469274748910e+03
3.895663469957222787e+03
3.938097401234243989e+03
3.957771353577455102e+03
3.996831414151947229e+03
4.035482233597842423e+03
4.085561914832534512e+03
4.123137994802219509e+03
4.150454912938251255e+03
4.206273438826969141e+03
4.241574960013349482e+03
4.281600940968629402e+03
4.309090988604669292e+03
4.331794863224619803e+03
4.383154153467279684e+03
4.410045471072297005e+03
4.459248199228724843e+03
4.503301126434866092e+03
4.553768288648268026e+03
4.587532493708807124e+03
4.616779808072627930e+03
4.718100548730071750e+03
4.753844179887642895e+03
4.777533497556940347e+03
4.814189582932156554e+03
4.902011074964156251e+03
4.995724414965284268e+03
5.024577122409082222e+03
5.073153096474853555e+03
5.101258432265945885e+03
5.156684374964088420e+03
5.218349116145574044e+03
5.267369161596758204e+03
5.304676913024168243e+03
5.336214229387563137e+03
5.382643271925710906e+03
5.407249548410217358e+03
5.445037560254002528e+03
5.529105360071923315e+03
5.582108303858861291e+03
5.723904673788169930e+03
5.755987528691419357e+03
5.788682211577737689e+03
5.832837566027265893e+03
5.856874835445886674e+03
5.924229323372930594e+03
5.983031160999453277e+03
6.042988686144455642e+03
6.065148805538789929e+03
6.096258658591589665e+03
6.131883829250005874e+03
6.177464325211160030e+03
6.200755018058076530e+03
6.228502118919205714e+03
6.248620991712021350e+03
6.275073967897053080e+03
6.306918001471875868e+03
6.347663677907268720e+03
6.402128299736641566e+03
6.452912652745840205e+03
6.481724361477272396e+03
6.517063024774248333e+03
6.562533333361420773e+03
6.606602431236256962e+03
6.680196660665802483e+03
6.737128916088122423e+03
6.788237364558604895e+03
6.853461598943587887e+03
6.898343519009191368e+03
6.933051836908075529e+03
6.966142324752575405e+03
7.039976487651961179e+03
7.108108647667258083e+03
7.127821144658360936e+03
7.184288108379979349e+03
7.223164032667248648e+03
7.239573717585275517e+03
7.263583807097043064e+03
7.300477744338138109e+03
7.342212859437673615e+03
7.375138653476436957e+03
7.413722449719147335e+03
7.439002043675753157e+03
7.457561253838815901e+03
7.479465925820200937e+03
7.507984437858578531e+03
7.550427648958732789e+03
7.572562698045098841e+03
7.633675250172108463e+03
7.681401867108223996e+03
7.709912028118221315e+03
7.736131631791643485e+03
7.770401655490578378e+03
7.798610564501606859e+03
7.845673856587074624e+03
7.884486931007172643e+03
7.909696991825601799e+03
7.932758172381038094e+03
7.970433292989359870e+03
8.020517693919645353e+03
8.134764007358180606e+03
8.174788776692215833e+03
8.199642881932315504e+03
8.222391780667359853e+03
8.275816486106044977e+03
8.344479930151013832e+03
8.367867047740930502e+03
8.399944344773844932e+03
8.424484279683501882e+03
8.457850339835742489e+03
8.500112525814392939e+03
8.533543966610963253e+03
8.563935847897002532e+03
8.587558905929441607e+03
8.607095221149780627e+03
8.636834756253574596e+03
8.663790280362307385e+03
8.684773793058300726e+03
8.735076476444972286e+03
8.779195294882527378e+03
8.811267325001692370e+03
8.830958149602040066e+03
8.885773753409484925e+03
8.906936466689656299e+03
8.946649363555974560e+03
8.981330393770283990e+03
9.013511270492717813e+03
9.054349769755397574e+03
9.075227928882160995e+03
9.109180246687885301e+03
9.125752094039340591e+03
9.165048780994286062e+03
9.203469417623609843e+03
9.223988771198399263e+03
9.273706244744300420e+03
9.296167423930399309e+03
9.324243757674725202e+03
9.358304932737473791e+03
9.384903879992558359e+03
9.414893850608525099e+03
9.434087156914321895e+03
9.475228727893563700e+03
9.508630187373039007e+03
9.538946762358069464e+03
9.579007750150454740e+03
9.643941319728957751e+03
9.678982869831947028e+03
9.712659448284917744e+03
9.741280176608013790e+03
9.764843871666311315e+03
9.806427731238771230e+03
9.854997041932563661e+03
9.882782341746411475e+03
9.910670963253545779e+03
9.943162014007722973e+03
9.986925654150349146e+03
1.004092453112238582e+04
1.006792495569915263e+04
1.010464005646801888e+04
1.014426740335221075e+04
1.016587302610752340e+04
1.019869180203146061e+04
1.024896339112328496e+04
1.028363543518506958e+04
1.033702354782592374e+04
1.037190736320307769e+04
1.040215688112058160e+04
1.043012711342709190e+04
1.046015170620085701e+04
1.047800644728939551e+04
1.051157644528699348e+04
1.055915443081378362e+04
1.060373109697733162e+04
1.064288356639678022e+04
1.066081862646073751e+04
1.075398287415462619e+04
1.077770894932060946e+04
1.084629529095151884e+04
1.087282641641383088e+04
1.089252572701660210e+04
1.092314241731439324e+04
1.095744435652864559e+04
1.101240580647363095e+04
1.104703482697515210e+04
1.108105388933621725e+04
1.113213567275320020e+04
1.117486810162042821e+04
1.127612847685771885e+04
1.130320687950898900e+04
1.132566229008064147e+04
1.134724502804990698e+04
1.137201800215910589e+04
1.140083116604755560e+04
1.143104368124608845e+04
1.146009434201065596e+04
1.148198362525717857e+04
1.152131713489184949e+04
1.154619280488567892e+04
1.156911431133148290e+04
1.159107300019520699e+04
1.163718556495734083e+04
1.166048518404833885e+04
1.171191612698999597e+04
1.174255477977217197e+04
1.178713631623498441e+04
1.182064146812054423e+04
1.187889967579963923e+04
1.191842270231929797e+04
1.193985474141827581e+04
1.200213992775418956e+04
1.203821846086569712e+04
1.207036935476074723e+04
1.208860562349842803e+04
1.211201337674172464e+04
1.218757536117666859e+04
1.221727163843874405e+04
1.226366433612653418e+04
1.233491139338571338e+04
1.236351323864106052e+04
1.240760335889212547e+04
1.246590613982557988e+04
1.254580489810389372e+04
1.258526677434593876e+04
1.271106243626177456e+04
1.274183962197783512e+04
1.278545513154500804e+04
1.283494078803249249e+04
1.286430864169559209e+04
1.289759601836776892e+04
1.291716539914125315e+04
1.295034669691767886e+04
1.297999546568188089e+04
1.301825916699327718e+04
1.306739440804048900e+04
1.308685506829278165e+04
1.311621621845773188e+04
1.314490010538346723e+04
1.318767136791262783e+04
1.322702662438746847e+04
1.325800882177594576e+04
1.328519318316897079e+04
1.330336926162476084e+04
1.332952033959643450e+04
1.336043268874448586e+04
1.338240902618734071e+04
1.340576734316723741e+04
1.343342127793966210e+04
1.346090453481845543e+04
1.351495771281742600e+04
1.358482697948351415e+04
1.362795906533870948e+04
1.366300334517619740e+04
1.368608783554899128e+04
1.374666506845266485e+04
1.379017870366813986e+04
1.380784630325979379e+04
1.384808439785947667e+04
1.390092087355786498e+04
1.394310760277865120e+04
1.397306189388250641e+04
1.401867978114133075e+04
1.405359913422894169e+04
1.407463068385852057e+04
1.416109083391498280e+04
1.420536957402025473e+04
1.422407635278700400e+04
1.424575694227955319e+04
1.428453452881209341e+04
1.431418940797646428e+04
1.433576524163590511e+04
1.438723039609791158e+04
1.441757517371418726e+04
1.444473258002968032e+04
1.448085801889781760e+04
1.450540739435627802e+04
1.452786303518010754e+04
1.456142673825272141e+04
1.458651378754091274e+04
1.463213954622268466e+04
1.465520561795977846e+04
1.468000148942147098e+04
1.469981136113604589e+04
1.474425214004609734e+04
1.478799829201215471e+04
1.481186612597342901e+04
1.483498103903567062e+04
1.488530073551103669e+04
1.491846762329871854e+04
1.495786790702487451e+04
1.499048321004642639e+04
1.501392656845320380e+04
1.506215855707249830e+04
1.509765030960401782e+04
1.513423503931924097e+04
1.517208901509821226e+04
1.520878158569729021e+04
1.525413860929244038e+04
1.528636451347977527e+04
1.533628523030057113e+04
1.537003324455812981e+04
1.542588988687569508e+04
1.546364498978663141e+04
1.549623337996315240e+04
1.552428726361223380e+04
1.555649088029257837e+04
1.558873188232098801e+04
1.562377237467979467e+04
1.567078760674236401e+04
1.569428917011061640e+04
1.573000870584054428e+04
1.577373104949249682e+04
1.580452426338404075e+04
1.582992043242914770e+04
1.586857206600681275e+04
1.588741361694822626e+04
1.591256436265918637e+04
1.594597109557895965e+04
1.599511766630640523e+04
1.603067526558717327e+04
1.605537260152849012e+04
1.607894582239600823e+04
1.610051497889554958e+04
1.616350559588461147e+04
1.619551481480953953e+04
1.622727834962008274e+04
1.627498420826407528e+04
1.634018674636285505e+04
1.636781432931907511e+04
1.641423090813895033e+04
1.643893994067403037e+04
1.646160964055435034e+04
1.648489516998338877e+04
1.654852904932033562e+04
1.658310972739584395e+04
1.662048722300798545e+04
1.666218254769238774e+04
1.668896744180102905e+04
1.672451869534486832e+04
1.676687492201236091e+04
1.681187970245922043e+04
1.683804024944541379e+04
1.690354049338195910e+04
1.694109656324142270e+04
1.698942361981365320e+04
1.702135093065495676e+04
1.705457325824617146e+04
1.707690644562176021e+04
1.714104313835394714e+04
1.717485835430245788e+04
1.720775031697094528e+04
1.725463268652982515e+04
1.729844256106199464e+04
1.734005619334321091e+04
1.741153635438419587e+04
1.743800736504797533e+04
1.745859370821702760e+04
1.749602841976298077e+04
1.753256810680639319e+04
1.758596771324920337e+04
1.761457337003027351e+04
1.765484497989143711e+04
1.768320651449947763e+04
1.771173192099596417e+04
1.773314317486938307e+04
1.776487142875156860e+04
1.780535333598077705e+04
1.784709067956011495e+04
1.788192057627635950e+04
1.794444813670082658e+04
1.796597317617077715e+04
1.799488626080891845e+04
1.804132429316045091e+04
1.808739981430636180e+04
1.813547864734281029e+04
1.817354338840563651e+04
1.821531691040284932e+04
1.823279247441152620e+04
1.826161682349162948e+04
1.831355341218012836e+04
1.833772437249025097e+04
1.836862538398378092e+04
1.838970034280030814e+04
1.843025997092143371e+04
1.847215177608635349e+04
1.855147025147776731e+04
1.857770227757537214e+04
1.860561301250874021e+04
1.862961946071471539e+04
1.868772628878831165e+04
1.870837596994830892e+04
1.873348719154547507e+04
1.878956167238476701e+04
1.881666165869203178e+04
1.884513825025939150e+04
1.889380337971264453e+04
1.892988844346976475e+04
1.895253738035463175e+04
1.898119228484504129e+04
1.903006835568192037e+04
1.906472442666004645e+04
1.909288364097677913e+04
1.915638767124963124e+04
1.918680867780507106e+04
1.921792941843834706e+04
1.925140120889956597e+04
1.927654392125773666e+04
1.929793477649813212e+04
1.932271009755914929e+04
1.935980355058362329e+04
1.939582231278774634e+04
1.941769585142147116e+04
1.944295907113799331e+04
1.947776806987227246e+04
1.950746816181409667e+04
1.952943042837916073e+04
1.955009806896506416e+04
1.960951152389347772e+04
1.965621118671435397e+04
1.968677495441790961e+04
1.972281807978899451e+04
1.975369147210551455e+04
1.977872458575772544e+04
1.981172838114282786e+04
1.986885463477337544e+04
1.990868448860277567e+04
1.997606226806829000e+04
2.000471376319815317e+04
2.006339954671759551e+04
2.008579559196478658e+04
2.013198650794812420e+04
2.016480485920402862e+04
2.019773577146089883e+04
2.024389406712283017e+04
2.026649625592779557e+04
2.032618217898519651e+04
2.037185088798114884e+04
2.040416471445072602e+04
2.046558902564486925e+04
2.053650352439100607e+04
2.056825112329952753e+04
2.062299617716281136e+04
2.064246111239204765e+04
2.067994553419731892e+04
2.071642516230322872e+04
2.074379920203508664e+04
2.076477603069015458e+04
2.083290465030033010e+04
2.086378681200921710e+04
2.088782370737320889e+04
2.091848137342866175e+04
2.096959979397910138e+04
2.099111560086594545e+04
2.103148776480162996e+04
2.106248990645097001e+04
2.110539681700318397e+04
2.112601424523939204e+04
2.116307077243277308e+04
2.119218368513415408e+04
2.121278683242678380e+04
2.123851755694646272e+04
2.126575608944760097e+04
2.129088330284342737e+04
2.132108461976950639e+04
2.133903107938853645e+04
2.135800866192957619e+04
2.139145004746053382e+04
2.141609523364968481e+04
2.144053485261329479e+04
2.146773113665596975e+04
2.149865558336865433e+04
2.152662187241399806e+04
2.155752495506807827e+04
2.159315401305986234e+04
2.162961223160904410e+04
2.165337247677757114e+04
2.167225601365297189e+04
2.173155319131478973e+04
2.175990095216310510e+04
2.178914333375368733e+04
2.180760769233470273e+04
2.184165226643974165e+04
2.186602905095195092e+04
2.188734581680217525e+04
2.191256871163158212e+04
2.194346246946791871e+04
2.199791075319187075e+04
2.202614485054469696e+04
2.206261464725913538e+04
2.209752531444707347e+04
2.211896191915107192e+04
2.217363530946833998e+04
2.221547574110437199e+04
2.224229988754025544e+04
2.225949189997784561e+04
2.229510708544045701e+04
2.233015723681647796e+04
2.236891613599133780e+04
2.239534283643585877e+04
2.245164803949436100e+04
2.248539946164486901e+04
2.253272902547578269e+04
2.255010168026307656e+04
2.257571091634775075e+04
2.260719570474008287e+04
2.264211085966135215e+04
2.268813376671822698e+04
2.272688523143374914e+04
2.277374856064094638e+04
2.279592314383694611e+04
2.282933529633028957e+04
2.286174300176230827e+04
2.288373468155712180e+04
2.292037360500291106e+04
2.297095729449889404e+04
2.299694763864585548e+04
2.302820955413875345e+04
2.305961645976912041e+04
2.308306791725289077e+04
2.311205346240659492e+04
2.313750064699184441e+04
2.315659443449008904e+04
2.318210331637422860e+04
2.322153113358188784e+04
2.325375693557737395e+04
2.329389715951219478e+04
2.332516676391441069e+04
2.334563620336569511e+04
2.336819241380022504e+04
2.340500628855941613e+04
2.342582272652148094e+04
2.345603261200420820e+04
2.349254484468595547e+04
2.352798196840678429e+04
2.355170650534099332e+04
2.358327197302921923e+04
2.361535744926434927e+04
2.364083332750272166e+04
2.370233589318785016e+04
2.372441692491787035e+04
2.376374535534824827e+04
2.379478651993451422e+04
2.381358477721820964e+04
2.386679742851870469e+04
2.388376238579785422e+04
2.390831652440499965e+04
2.392832859790460134e+04
2.397424996662106787e+04
2.400834386829771393e+04
2.407388734475057208e+04
2.409287872416172468e+04
2.411570748661527250e+04
2.422104453815217130e+04
2.425846846935342546e+04
2.429282299019480706e+04
2.435600473526570931e+04
2.437911220293289080e+04
2.441172893203248532e+04
2.445961378974204490e+04
2.448769134944846519e+04
2.451861476576593122e+04
2.454844871671346118e+04
2.461316672486446259e+04
2.466265963600227406e+04
2.468596702117270252e+04
2.472802490753855454e+04
2.480576735206215017e+04
2.482631297574779092e+04
2.488516833980672163e+04
2.491743667749939414e+04
2.494446701292313810e+04
2.499863189477461856e+04
2.502352245995339035e+04
2.504896544372646167e+04
2.510076104409650361e+04
2.516625694972411657e+04
2.519239100144210533e+04
2.521786640008721952e+04
2.524079052295493602e+04
2.527324711680148903e+04
2.533227550523589161e+04
2.535895308099886461e+04
2.539731395651497951e+04
2.546986607838959389e+04
2.550428424779900161e+04
2.552409882977404050e+04
2.556097447391058449e+04
2.558985980342256153e+04
2.563978959126148402e+04
2.567042460270697848e+04
2.570467946938723253e+04
2.574687148264186908e+04
2.578264054668325480e+04
2.581474339034584409e+04
2.585551305440464421e+04
2.587918639902402720e+04
2.590372424444980061e+04
2.593160155982519063e+04
2.595657890657561074e+04
2.597615848774743063e+04
2.604345343088143272e+04
2.609418594658646180e+04
2.613304754205742574e+04
2.615474097322140369e+04
2.620643216727050094e+04
2.624282628848603781e+04
2.627841179305072728e+04
2.630350489968607508e+04
2.632839787314174464e+04
2.637546860871028548e+04
2.640484460205560754e+04
2.642892984218269339e+04
2.645128590691345744e+04
2.647057123899348517e+04
2.650640000116459123e+04
2.654988202988504781e+04
2.657009874644186493e+04
2.659518336398999600e+04
2.662497193548242285e+04
2.665038944243204605e+04
2.667953740761665540e+04
2.674193646144243758e+04
2.678230193769943071e+04
2.684054048599855014e+04
2.686946081120730378e+04
2.690705001303750760e+04
2.693336177718643012e+04
2.698075444485842672e+04
2.700225538104837324e+04
2.703388699533492763e+04
2.707466048969527765e+04
2.709906814024185951e+04
2.712058081260282779e+04
2.715282925806542698e+04
2.725053259418126254e+04
2.727925525940373700e+04
2.731875786171744767e+04
2.734697725879693462e+04
2.742550745757348341e+04
2.745207318662613761e+04
2.750604933494659781e+04
2.756540686811460182e+04
2.759743276235122175e+04
2.762610541938573442e+04
2.766939685094408560e+04
2.769401325814785378e+04
2.772527035812219037e+04
2.775123941598910460e+04
2.779059900687288246e+04
2.781242186187907282e+04
2.785153647711920712e+04
2.788393330924174734e+04
2.790557338559552954e+04
2.793035953314039944e+04
2.795931292329266944e+04
2.801301953228788989e+04
2.803760664058816474e+04
2.806620085095483955e+04
2.809122185475697916e+04
2.812252940950964330e+04
2.815063740033493013e+04
2.817113560075860732e+04
2.820559352975881848e+04
2.822925782984998295e+04
2.826280621163564501e+04
2.828796464468086924e+04
2.830867364223701952e+04
2.834507542456345618e+04
2.837871759215935526e+04
2.840910659998918709e+04
2.844255078462928577e+04
2.849434038600816348e+04
2.852484887257876471e+04
2.857583781537886171e+04
2.859468419769136017e+04
2.862791245572692060e+04
2.865763077199676263e+04
2.870224039476119287e+04
2.874207482529413028e+04
2.879138036488335274e+04
2.883624267830691679e+04
2.886004642147798586e+04
2.888260424420339405e+04
2.891955136745010896e+04
2.896972292796387774e+04
2.899816387345736803e+04
2.903197898682242885e+04
2.906943176396221315e+04
2.913031468223088450e+04
2.915803784360284772e+04
2.919490230146751856e+04
2.922342235369248374e+04
2.925715942776514203e+04
2.930076965775377175e+04
2.932998664742276742e+04
2.942034208612664952e+04
2.944333965269909095e+04
2.948227888472105042e+04
2.953214670106801350e+04
2.957098646787442703e+04
2.959135458148096950e+04
2.961796082277137975e+04
2.965223675713682678e+04
2.967225470528751248e+04
2.969095840052212588e+04
2.971315165847916069e+04
2.975275712077909338e+04
2.978951357382051356e+04
2.982177285316558118e+04
2.985522396286495496e+04
2.987977003230812988e+04
2.993955488327698185e+04
2.995984908991336488e+04
2.998264953354224417e+04
3.000524010819663090e+04
3.003059564332905575e+04
3.008764123620523969e+04
3.010844329523236956e+04
3.014832713046038043e+04
3.020511006460542922e+04
3.026995038148596359e+04
3.031110206981624651e+04
3.033501829382000869e+04
3.037134286272353347e+04
3.040687465242236431e+04
3.043682330953435303e+04
3.045627727741868148e+04
3.050080667263519354e+04
3.054774616915040679e+04
3.057386669949089992e+04
3.060034566731345694e+04
3.062353534601395222e+04
3.065628622464239015e+04
3.067596837523607246e+04
3.070228058940562551e+04
3.072769184917729217e+04
3.075304713990172604e+04
3.078388430926506408e+04
3.081357454355215668e+04
3.085893996205955773e+04
3.090082028038173667e+04
3.095474148462758967e+04
3.098781711266124330e+04
3.102084552864969010e+04
3.105264432687745284e+04
3.108306160250972971e+04
3.111496107935818873e+04
3.114149814287684421e+04
3.116688590910263156e+04
3.119139742991392268e+04
3.123950373645673244e+04
3.127661236757120787e+04
3.131018108947141809e+04
3.135845502226633107e+04
3.138861760037285785e+04
3.141438316426599704e+04
3.143980055983481361e+04
3.145424077664861761e+04
3.147220326449350614e+04
3.150558969846564651e+04
3.154057019656589182e+04
3.155984294700719329e+04
3.158507904384490394e+04
3.160586751695531348e+04
3.167472090628095611e+04
3.171485123562445006e+04
3.174576991417226964e+04
3.178981485385345150e+04
3.180805720315183862e+04
3.184086013033751806e+04
3.186394216793523810e+04
3.190653043096659894e+04
3.193686458427852631e+04
3.196713731389862005e+04
3.200351586845263955e+04
3.203218384231414529e+04
3.206172063160697144e+04
3.208968281933421895e+04
3.210999672409964114e+04
3.215642947031665972e+04
3.218901513827968301e+04
3.222414099350624383e+04
3.224526103695729762e+04
3.230779153025438427e+04
3.234257256787128790e+04
3.237255802381694593e+04
3.241321397360799892e+04
3.244734491271011575e+04
3.248251784218196190e+04
3.251175937874363080e+04
3.255968055707717212e+04
3.257583359326571008e+04
3.259689306536866934e+04
3.262881535708039155e+04
3.267375555262697890e+04
3.270358817506333435e+04
3.272372621908492874e+04
3.276269400401615349e+04
3.279503396869644348e+04
3.281526311563223862e+04
3.284757685969224258e+04
3.287898516813816241e+04
3.292019296852553089e+04
3.296763874713371479e+04
3.299864928687832435e+04
3.303477984571214620e+04
3.305826562980669405e+04
3.310208584599686583e+04
3.315292208641233447e+04
3.318957832118008082e+04
3.321799521863496193e+04
3.323192354860390333e+04
3.325678519139796117e+04
3.330265259480469831e+04
3.334193145146535971e+04
3.338356028673988476e+04
3.341640515319901897e+04
3.344678399376128073e+04
3.348041428427690698e+04
3.354370068357792479e+04
3.356252220376409969e+04
3.359265863823930704e+04
3.362213839826467301e+04
3.364347043976742134e+04
3.374423708438881295e+04
3.378599133906618954e+04
3.381749129038350657e+04
3.387188006951522402e+04
3.390819976847870566e+04
3.393033462516869622e+04
3.395323200317006558e+04
3.398246128764959576e+04
3.400389492580803926e+04
3.403776559734970942e+04
3.410033396155195078e+04
3.413303139091470075e+04
3.417381537501244020e+04
3.421391329411929473e+04
3.425351094605724938e+04
3.428078441477261367e+04
3.432361965480064100e+04
3.436622215800266713e+04
3.440108780944181490e+04
3.443102185985899996e+04
3.445577956502373127e+04
3.447202366500324570e+04
3.450947937999832357e+04
3.453222943694747664e+04
3.457913269206663244e+04
3.461015214170348918e+04
3.464313432505113451e+04
3.467336265818983520e+04
3.471547258042448084e+04
3.474592979484963143e+04
3.478119804766068410e+04
3.481394688583917014e+04
3.487225166797059501e+04
3.492625239124250947e+04
3.494821657307697751e+04
3.499149035855406692e+04
3.502342572731346445e+04
3.505923426389163797e+04
3.510308577167798649e+04
3.514924015706974751e+04
3.517644521441938559e+04
3.520213299214882136e+04
3.524416466425488034e+04
3.527205655786365242e+04
3.530080968057188875e+04
3.533255670431800536e+04
3.535373908654769912e+04
3.540363082920789748e+04
3.545890818573794240e+04
3.549116458483855968e+04
3.550931497970279452e+04
3.553513697324720124e+04
3.555929153911462345e+04
3.558576586506942112e+04
3.561023911337821482e+04
3.567842686219632014e+04
3.570230926382532198e+04
3.573864684016222600e+04
3.576816123837638588e+04
3.581274095067304006e+04
3.585177230376091757e+04
3.587803433402003429e+04
3.592275973155356041e+04
3.594262621104140271e+04
3.599598166784941714e+04
3.602227198409107223e+04
3.605949088932293671e+04
3.609119642402022873e+04
3.613460314333657880e+04
3.617000777981154533e+04
3.620234133478689182e+04
3.626336267710960237e+04
3.629394116572920029e+04
3.631699461313555366e+04
3.634166505874320137e+04
3.638887303520704154e+04
3.643380456323697581e+04
3.646150723564887448e+04
3.648658793337412499e+04
3.651873825309570384e+04
3.653968658156273159e+04
3.658777855229652778e+04
3.664909598898695549e+04
3.669018530959280906e+04
3.673748093135147792e+04
3.679331179585585778e+04
3.682282049776592612e+04
3.684885577127424040e+04
3.686997608548240532e+04
3.690094723834742035e+04
3.692715561190791050e+04
3.696912277574133623e+04
