2.408768175692806608e+02
3.853605759725100484e+02
6.177423392959201465e+02
8.652818930733029674e+02
9.797536484477235490e+02
1.126662230461318586e+03
1.237504558061299122e+03
1.487626223801700235e+03
1.625643923700407868e+03
1.762067305221741435e+03
1.895549666871508407e+03
2.120866615832116622e+03
2.228443937412840114e+03
2.379070608253005503e+03
2.519610418153195496e+03
2.745160216204841163e+03
2.984596611944983579e+03
3.091300644973888211e+03
3.203740461007671001e+03
3.312121557556255993e+03
3.551834882242375443e+03
3.695163973685094788e+03
3.917726641565707268e+03
4.032923091792886680e+03
4.262867726096286788e+03
4.394562833787590534e+03
4.506290809484486999e+03
4.619649053011733486e+03
4.728013613766642266e+03
4.843760605777471937e+03
4.954699350638068609e+03
5.065738685478216212e+03
5.206613431878272422e+03
5.459679927351685365e+03
5.566961473176137588e+03
5.817108913059155384e+03
6.065020089922281841e+03
6.288696462688515567e+03
6.393030769761924603e+03
6.511424218572207792e+03
6.627360542780603282e+03
6.730851798998533923e+03
6.954177387292090316e+03
7.088932653040684272e+03
7.207307020018805815e+03
7.341324821447103204e+03
7.453464391221899859e+03
7.590368945270317454e+03
7.708204168459870743e+03
7.838047436539864066e+03
7.944056279306902979e+03
8.054631867244705063e+03
8.191483037691278696e+03
8.423975281901888593e+03
8.536284251335440786e+03
8.683770236129130353e+03
8.792280269559691078e+03
9.025814168131508268e+03
9.136632440518733347e+03
9.272734422717610869e+03
9.517018838894986402e+03
9.747781698010581749e+03
9.861108686850386221e+03
1.000246523697677549e+04
1.011269113331499648e+04
1.022527995547529645e+04
1.036051557301566208e+04
1.050058111237564844e+04
1.064662108742839337e+04
1.075999868784591490e+04
1.089084091855683619e+04
1.100273743903888317e+04
1.123458213093096492e+04
1.133687756537946007e+04
1.158906878381690331e+04
1.182905629844830764e+04
1.196416401548030990e+04
1.219269654189076755e+04
1.244180562094231755e+04
1.255397309247146768e+04
1.268923826879549415e+04
1.293715911433755900e+04
1.304734229286021218e+04
1.315393668172772050e+04
1.325925164157068866e+04
1.339939889753446187e+04
1.363890746973125533e+04
1.374429557583923270e+04
1.388648403021246122e+04
1.402578905424989898e+04
1.413336063590900631e+04
1.427003338973591235e+04
1.440573624789685164e+04
1.463461742140039860e+04
1.474125004143195110e+04
1.485269303547851086e+04
1.499039927295720190e+04
1.513008318229266115e+04
1.526612162275149603e+04
1.537832710120038064e+04
1.548930868707728951e+04
1.563310458215542167e+04
1.586504434526583282e+04
1.597710062645193466e+04
1.620322611323144520e+04
1.643545710773894461e+04
1.655012343657594465e+04
1.668383079459370856e+04
1.682862180532528510e+04
1.706122227768523589e+04
1.729747401045658626e+04
1.753972960944123042e+04
1.777833279620567191e+04
1.791096659198622365e+04
1.815039781900673916e+04
1.837199354528590993e+04
1.850891479306597466e+04
1.865100199514459382e+04
1.876486951366645008e+04
1.890157489770734537e+04
1.904101398505917678e+04
1.927663485486758509e+04
1.938322874777335528e+04
1.949464505960373936e+04
1.973665842513897223e+04
1.997762770068582176e+04
2.008937087825789058e+04
2.032068736818466277e+04
2.056375392511766768e+04
2.080529334508094325e+04
2.104962232003789177e+04
2.116335656377550549e+04
2.127523219062549470e+04
2.141297407513545113e+04
2.152357742444951145e+04
2.176366418093749598e+04
2.199104567591678642e+04
2.210547347797124894e+04
2.223848284652911389e+04
2.244950749051533785e+04
2.258483343183900433e+04
2.269576932530742488e+04
2.292841524660090363e+04
2.306870625582922366e+04
2.318326242699688373e+04
2.341026587206594195e+04
2.354766537149869691e+04
2.365489407590546034e+04
2.380134954841832950e+04
2.404787628340118681e+04
2.419237731476149202e+04
2.429802272842407183e+04
2.452737201451053625e+04
2.476789491794198329e+04
2.491202632701098992e+04
2.505110406501482066e+04
2.519100459821990080e+04
2.529869808112149622e+04
2.540811327020783574e+04
2.551851050860058967e+04
2.563214053089308072e+04
2.586299626339274255e+04
2.609871084571999745e+04
2.623425172241125256e+04
2.646995613275047072e+04
2.669993643957404493e+04
2.681132584600235714e+04
2.705351282713823093e+04
2.718347431574484654e+04
2.732456420517669176e+04
2.745792323759727878e+04
2.759882119368641361e+04
2.773665316699432151e+04
2.784931798238145348e+04
2.796060131931214346e+04
2.820043170825088237e+04
2.830807222076578546e+04
2.854425991538523158e+04
2.868262538448557461e+04
2.891283907253713551e+04
2.915096203997656630e+04
2.928979625724215657e+04
2.952605722122088628e+04
2.963317666518572878e+04
2.973927080146136723e+04
2.987475586252084031e+04
3.011368248152652450e+04
3.024733481820493398e+04
3.037507768498675432e+04
3.061673116568660771e+04
3.072817944554175119e+04
3.084017640860932806e+04
3.095366876648168181e+04
3.109647281136450692e+04
3.121228752528291079e+04
3.135775355208134351e+04
3.147812854656356285e+04
3.161572591973696763e+04
3.184607630248623536e+04
3.195410387951457233e+04
3.219996524810600386e+04
3.234246555515331420e+04
3.258357606945452062e+04
3.281382484238885081e+04
3.295602125019323285e+04
3.318686958062314807e+04
3.341393286512765917e+04
3.354457524765680864e+04
3.377361344084459415e+04
3.400445975700915733e+04
3.413682655191597587e+04
3.438632192230070359e+04
3.449477546050095407e+04
3.463021628307718493e+04
3.473567208534012752e+04
3.487560639450320741e+04
3.510956265110029926e+04
3.523962303998367861e+04
3.547416309664814617e+04
3.561158591256977525e+04
3.574890799998264265e+04
3.599605280396276794e+04
3.623224827913385525e+04
3.634328477622289211e+04
3.648433207186854997e+04
3.663087973412737483e+04
3.688682134214101097e+04
3.702154035274717899e+04
3.716444735982819111e+04
3.727522321890181775e+04
3.738299607545065373e+04
3.760912023676195531e+04
3.772288818071594869e+04
3.782792031830632914e+04
3.796298262186810462e+04
3.810440712345818611e+04
3.824004656040123518e+04
3.835298671298864792e+04
3.857900545867811888e+04
3.880993541212120908e+04
3.904080102565655397e+04
3.915378734207763046e+04
3.926712172633717273e+04
3.938047086477693665e+04
3.952451008363837173e+04
3.976577560844492837e+04
3.988216095158390817e+04
3.999669100104085373e+04
4.014703777958383580e+04
4.028907008881063666e+04
4.040026248844859947e+04
4.063715243711596850e+04
4.074055001263807935e+04
4.087011633793247165e+04
4.100431735359713639e+04
4.124001045529349358e+04
4.137197588381388778e+04
4.160161251396314037e+04
4.170987355497792305e+04
4.194322284942920669e+04
4.205604152441443148e+04
4.228194865284380649e+04
4.239465429299668904e+04
4.264325027221039636e+04
4.275466359133406513e+04
4.286609972586164076e+04
4.309332420026589534e+04
4.332933551098300086e+04
4.354857193623641069e+04
4.366178744617459597e+04
4.376882999988515803e+04
4.399006471309036715e+04
4.421645399017290038e+04
4.432713609769393224e+04
4.443961344026699226e+04
4.458301078738411888e+04
4.471443916171324236e+04
4.485602107540170255e+04
4.496338661757794034e+04
4.509895400947613962e+04
4.520928803476995381e+04
4.544211609420219611e+04
4.554837698548756453e+04
4.565279578135717748e+04
4.587835823684136994e+04
4.611914978932085796e+04
4.622920668148333061e+04
4.646954903951407323e+04
4.667693506462302321e+04
4.678571464094881958e+04
4.701945892711907800e+04
4.712315927050272876e+04
4.723589244163906551e+04
4.734691705513115448e+04
4.749164962897793885e+04
4.774254273603310867e+04
4.785494272673313390e+04
4.798882241017036722e+04
4.809536338906814490e+04
4.823437177831327426e+04
4.836644021783888456e+04
4.850675089480128372e+04
4.861561763322647312e+04
4.875396475716227724e+04
4.890072296598437970e+04
4.903565328008134384e+04
4.914680770572167239e+04
4.938554550866829231e+04
4.950057961233277456e+04
4.962211862235362787e+04
4.974074066712315835e+04
4.996575302476668730e+04
5.020580476500574878e+04
5.044840658083573362e+04
5.058645096996769280e+04
5.072385599648680363e+04
5.096659566271318181e+04
5.121233515723435266e+04
5.145896684033376368e+04
5.168955071054360451e+04
5.193303636344194820e+04
5.203921830135762139e+04
5.216975340486433561e+04
5.228384322140856966e+04
5.241557689488676260e+04
5.264925194185065629e+04
5.276217697676096577e+04
5.301708640338152327e+04
5.315244866028649994e+04
5.326475911397970049e+04
5.336987891754572775e+04
5.350916575991990976e+04
5.375143508636127081e+04
5.386566548249372136e+04
5.397760429916201974e+04
5.412919692633485101e+04
5.423387551422369870e+04
5.437039803668993409e+04
5.448345041896952898e+04
5.473397004183365789e+04
5.487177184082844906e+04
5.497913112576614367e+04
5.512552553571470344e+04
5.523254685902208439e+04
5.537401469513170741e+04
5.551557505835019401e+04
5.574143650969459122e+04
5.596607379898347426e+04
5.609749352150373306e+04
5.623455561159395438e+04
5.647444397348042548e+04
5.669526398732679081e+04
5.692306112551011029e+04
5.715582647243449901e+04
5.738431270321687771e+04
5.749607195731822139e+04
5.773380615780212975e+04
5.784974196535503143e+04
5.796151505941951473e+04
5.819432729750273575e+04
5.842381109139173350e+04
5.853358378148768679e+04
5.867571465078543406e+04
5.880978698484130291e+04
5.892612366109013237e+04
5.903689152906514937e+04
5.927979716374078271e+04
5.941678554448862997e+04
5.964026386791849654e+04
5.975318547318925994e+04
5.990105553193706874e+04
6.014747621306197834e+04
6.028416405930730980e+04
6.052728077372173721e+04
6.066309576837279747e+04
6.077721046039304201e+04
6.089112529854044260e+04
6.100253265606400237e+04
6.123474940781291662e+04
6.137040841040501982e+04
6.160866631226087338e+04
6.171987519351243100e+04
6.186058222382942040e+04
6.208883390358631004e+04
6.222841828029871976e+04
6.234311058985315321e+04
6.245041077887813299e+04
6.268089126238496101e+04
6.281251307061139232e+04
6.292155262273106200e+04
6.302788367143789219e+04
6.316008964757881768e+04
6.329208730576564994e+04
6.340431601014928310e+04
6.363735931372521736e+04
6.387988233342068270e+04
6.401442659729063598e+04
6.415796720035392354e+04
6.425891598099155817e+04
6.450501157404407422e+04
6.461796763940113306e+04
6.475913075759270578e+04
6.487729121430742816e+04
6.513206056860156241e+04
6.526997027309823898e+04
6.540619358179927804e+04
6.554781188612780534e+04
6.579647477841498039e+04
6.593746701791345549e+04
6.607753432121804508e+04
6.621416954847212764e+04
6.645676407061661303e+04
6.658799639937537722e+04
6.670268545276432997e+04
6.692627146518623340e+04
6.716385064549642266e+04
6.729743646234691550e+04
6.754582563942635898e+04
6.765224218079037382e+04
6.789357080326015421e+04
6.802104427064870833e+04
6.815207827315082250e+04
6.838676216176485468e+04
6.849793409514128871e+04
6.860365458990722254e+04
6.883800898781920841e+04
6.894104636435344582e+04
6.907483252925987472e+04
6.930484204905290972e+04
6.954139790283335606e+04
6.965505484411818907e+04
6.979161897668977326e+04
6.990389363288546156e+04
7.012391593562246999e+04
7.026373888124187943e+04
7.037498844345114776e+04
7.062519313020279515e+04
7.086752868056736770e+04
7.110114823491235438e+04
7.134212526813657314e+04
7.145739543997040892e+04
7.157203651842275576e+04
7.180633373721278622e+04
7.191868149855891534e+04
7.206328938644661685e+04
7.230486561835517932e+04
7.253514457968037459e+04
7.276225834099971689e+04
7.287783115359288058e+04
7.301816125580739754e+04
7.324508060368368751e+04
7.336700734922999982e+04
7.348245352357959200e+04
7.358693669204153412e+04
7.383558180234128668e+04
7.397096479023511347e+04
7.408789251302804041e+04
7.422228573223891726e+04
7.433020932536499458e+04
7.445386737506231293e+04
7.459695277804987563e+04
7.474463091070196242e+04
7.496800182121378020e+04
7.510495812580078200e+04
7.524341692185158900e+04
7.548468189951970999e+04
7.562793296583695337e+04
7.576930831479180779e+04
7.590472414511741954e+04
7.614230020719073946e+04
7.637343801151473599e+04
7.651893543808050163e+04
7.675169557155834627e+04
7.698871529830009968e+04
7.710206497591962398e+04
7.721141968873096630e+04
7.745082979467419500e+04
7.769148196706526505e+04
7.791437937295898155e+04
7.802677343616927101e+04
7.816692426486294426e+04
7.841037710204970790e+04
7.852495127946462890e+04
7.875563291992865561e+04
7.899380120584821270e+04
7.912962992308723915e+04
7.926391113649895124e+04
7.939937357485602843e+04
7.954346274579934834e+04
7.965753036005498143e+04
7.980154281392016856e+04
8.004398505757765088e+04
8.017731505736184772e+04
8.031533276807832590e+04
8.044582509381348791e+04
8.055975308287165535e+04
8.070421277227786777e+04
8.084967123745509889e+04
8.099289110224477190e+04
8.110477690331198392e+04
8.121726881898920692e+04
8.133218832065223251e+04
8.156733148026735580e+04
8.167869292440134450e+04
8.179000344543434039e+04
8.193386926349595888e+04
8.216287050702824490e+04
8.241334286015578255e+04
8.264308094765449641e+04
8.278488112434110371e+04
8.300293517426554172e+04
8.324412302281612938e+04
8.335464066177638597e+04
8.346591203145723557e+04
8.360845138650490844e+04
8.375218137128792296e+04
8.389899471053054731e+04
8.404537359635988832e+04
8.427418599136575358e+04
8.440912984861635778e+04
8.454843985011354380e+04
8.466327921915962361e+04
8.480495029534891364e+04
8.506096176747279242e+04
8.520228530012861302e+04
8.531190024934687244e+04
8.555266208790858218e+04
8.578933339749313018e+04
8.601876862615472055e+04
8.612423763769592915e+04
8.636736631201118871e+04
8.650263023101183353e+04
8.663700275103340391e+04
8.677091856199593167e+04
8.688229017956407915e+04
8.702156730721518397e+04
8.723858700836510980e+04
8.747624334386868577e+04
8.770094961417475133e+04
8.794451461530398228e+04
8.805759393011187785e+04
8.816844747245968028e+04
8.830488547799682419e+04
8.841568115666025551e+04
8.865613628477067687e+04
8.878877221048134379e+04
8.890700368161698862e+04
8.914121547307843866e+04
8.924919647787878057e+04
8.938072517586041067e+04
8.949426124253318994e+04
8.963241363579149765e+04
8.974422855677730695e+04
8.985696447423100471e+04
8.996885162630966806e+04
9.009557381422519393e+04
9.032030555913667195e+04
9.043425466865311319e+04
9.066899414968767087e+04
9.077825414311324130e+04
9.089051182390440954e+04
9.102098287286148116e+04
9.113719495318183908e+04
9.128084330716400291e+04
9.139321488883337588e+04
9.150458015428896761e+04
9.164596040934365010e+04
9.189113921322503302e+04
9.202560686277761124e+04
9.217082477795811428e+04
9.240611373072498827e+04
9.251210344989475561e+04
9.262731319565352169e+04
9.274868569330940954e+04
9.299146540219004964e+04
9.310154821847385028e+04
9.323974705931302742e+04
9.337734779879054986e+04
9.352585910648333083e+04
9.366314115186026902e+04
9.379954334395266778e+04
9.391264387450716458e+04
9.402426750460526091e+04
9.425341259722477116e+04
9.436738344281571335e+04
9.450273843705227773e+04
9.473828344134151121e+04
9.497696635382864042e+04
9.520721743049893121e+04
9.532830993566116376e+04
9.544062454506626818e+04
9.557869181979331188e+04
9.568860988173272926e+04
9.580339509216077568e+04
9.591531478790193796e+04
9.605428586655709660e+04
9.616970273018548323e+04
9.639861227454253822e+04
9.653462136200048553e+04
9.666737921131003532e+04
9.677174969961066381e+04
9.700058394371776376e+04
9.723204873849701835e+04
9.736957599952489545e+04
9.747843139874088229e+04
9.758192277817768627e+04
9.782290098062180914e+04
9.805343757877239841e+04
9.819213449294731254e+04
9.834009945220433292e+04
9.857901635980120045e+04
9.871377741900313413e+04
9.886222870266041718e+04
9.896850965978388558e+04
9.910302727960517223e+04
9.933287763951254601e+04
9.944719242092638160e+04
9.958705634745323914e+04
9.969669615206116578e+04
9.983812453426230059e+04
9.994610963111395540e+04
1.000529035583647055e+05
1.001664735553912760e+05
1.003037869511289609e+05
1.005470278992392414e+05
1.006864309155829687e+05
1.007981118626273383e+05
1.009096477614341857e+05
1.010283248529835546e+05
1.011693670083910256e+05
1.013086006168221793e+05
1.014165954400443879e+05
1.015476716891244287e+05
1.016826191602063045e+05
1.017941985853450897e+05
1.020237479151338484e+05
1.021287794105584035e+05
1.022400532991333894e+05
1.023472439456882275e+05
1.024781084836315713e+05
1.025915550807486579e+05
1.028213362937456113e+05
1.029387776566379180e+05
1.030815210634771211e+05
1.031974762691654323e+05
1.033039111120140151e+05
1.035353217060185125e+05
1.036396394722590194e+05
1.037845352258812200e+05
1.038903978026367404e+05
1.040303581363900594e+05
1.041383898207155580e+05
1.043770864078543673e+05
1.046160479452783475e+05
1.047280067091135279e+05
1.049520400818533381e+05
1.050923938053373131e+05
1.052269769826864067e+05
1.053658316111616441e+05
1.054766121908019122e+05
1.057147350592116418e+05
1.058199032687243598e+05
1.059231351107455121e+05
1.060339252292400779e+05
1.061756084345507115e+05
1.063111374818291370e+05
1.064157919657594903e+05
1.065540827335635840e+05
1.066995502877231629e+05
1.068034913607939670e+05
1.070467890750686929e+05
1.072830206265512825e+05
1.073959525714325719e+05
1.076331101781259204e+05
1.078760935540487408e+05
1.081151132654131652e+05
1.082256089133000787e+05
1.083325893890513398e+05
1.085744194429310155e+05
1.087083702213402139e+05
1.089399318949455628e+05
1.091768748290840449e+05
1.093216053398330987e+05
1.094616333665358106e+05
1.095745756380853127e+05
1.098158545511028497e+05
1.100541183378145070e+05
1.101633791049549036e+05
1.102763726997288177e+05
1.105159895251394046e+05
1.106555104548609816e+05
1.107912783893044252e+05
1.109009975283640961e+05
1.110359617393906956e+05
1.111482497477489524e+05
1.112801558421557420e+05
1.115218234312606219e+05
1.117538440297024208e+05
1.119953247011088824e+05
1.122403357967347984e+05
1.123577564102412871e+05
1.124714047335985233e+05
1.126125174848588940e+05
1.127240503332574881e+05
1.128395328829344217e+05
1.129486164558021264e+05
1.131719330478496413e+05
1.134158794266965415e+05
1.135279596443132032e+05
1.136655012306391000e+05
1.138144094404816715e+05
1.139483632148019242e+05
1.140874636632575130e+05
1.142280031338198169e+05
1.143353362521482341e+05
1.145808273164388811e+05
1.147981950004490645e+05
1.150285875842976820e+05
1.151586596671759180e+05
1.152987286232442711e+05
1.155336056209301169e+05
1.156663733116623043e+05
1.158047237205413985e+05
1.160282322712287860e+05
1.162529219336275855e+05
1.164864454668772669e+05
1.167114253786944319e+05
1.169531971975666966e+05
1.170921206136465189e+05
1.173122173014481377e+05
1.175526527417224424e+05
1.176641512241800083e+05
1.177709223744039627e+05
1.180133359406327800e+05
1.181182958817043691e+05
1.182214510103102075e+05
1.184624525258095528e+05
1.186961949510504928e+05
1.188078062437604531e+05
1.190338800962398527e+05
1.191454004487208731e+05
1.192550135244685516e+05
1.194938835446771845e+05
1.197501379224737902e+05
1.198838393616641115e+05
1.201272142435247224e+05
1.203616590331830957e+05
1.205896646143745893e+05
1.207292943048273009e+05
1.208423754911616707e+05
1.209572556209815666e+05
1.210685087914967589e+05
1.211807825763032888e+05
1.214126954588463996e+05
1.216509518261624471e+05
1.217653294959054183e+05
1.219111250333916396e+05
1.220520172356408584e+05
1.222895829375925096e+05
1.225332468217281566e+05
1.226731617686218669e+05
1.227863280508937314e+05
1.228932986691431433e+05
1.231349728703264409e+05
1.232748277924597205e+05
1.234096260721696453e+05
1.235187462987449253e+05
1.236333107411953824e+05
1.238816381217319722e+05
1.241209897719128930e+05
1.243395648275724816e+05
1.244557988596017822e+05
1.245892453618858272e+05
1.248299517630585906e+05
1.250652985488148843e+05
1.251753989885447372e+05
1.254075886986974074e+05
1.255184606665683386e+05
1.256505995120655862e+05
1.257887482642402756e+05
1.259326056474342186e+05
1.261689741493774054e+05
1.262724827533166390e+05
1.263840288762933487e+05
1.265139199209552899e+05
1.266224983567356248e+05
1.267322288961705344e+05
1.268805843406445201e+05
1.270308396324334026e+05
1.272537710846362461e+05
1.273923804381892842e+05
1.276408370453711541e+05
1.277783336862259021e+05
1.279146773661782790e+05
1.281552147106516495e+05
1.282900783481925318e+05
1.284233022938514187e+05
1.286631833289989299e+05
1.287758342672271683e+05
1.288881241775848612e+05
1.290280821549816756e+05
1.291684918803768232e+05
1.293882919611989491e+05
1.296311203379479848e+05
1.297438466932310985e+05
1.299869811864573130e+05
1.302257799164856551e+05
1.303395998285366950e+05
1.305714697380895086e+05
1.306852608059991180e+05
1.308213913589854783e+05
1.309328284351483453e+05
1.311727229071956535e+05
1.314033411130049208e+05
1.315432160672823666e+05
1.317841428300522384e+05
1.319185639559045667e+05
1.321487262786670472e+05
1.322818022807211091e+05
1.324217797391251661e+05
1.326433822368402616e+05
1.328637702033912647e+05
1.329688460781510221e+05
1.330808548677421350e+05
1.333278359052766464e+05
1.334396496470596467e+05
1.335859324689216446e+05
1.336972595376401441e+05
1.339142509072260291e+05
1.340293160611598287e+05
1.342676702578460390e+05
1.344942667044132249e+05
1.346374998599225655e+05
1.347494993516201794e+05
1.348873851542091579e+05
1.349982636991001782e+05
1.352320394791417639e+05
1.354638306420547306e+05
1.355759888116035436e+05
1.357262135298923822e+05
1.358658357267557294e+05
1.359763884814234916e+05
1.362117492313592520e+05
1.363474635142502957e+05
1.364623778406117344e+05
1.367015073899659328e+05
1.369386082295097003e+05
1.370505527427149646e+05
1.372963160417355830e+05
1.374354392754687578e+05
1.375809986459223437e+05
1.378280900177164585e+05
1.379577175247759151e+05
1.382062225315691030e+05
1.383494255249504931e+05
1.384909711689249089e+05
1.385942651552451716e+05
1.387050083559188934e+05
1.388168592230180802e+05
1.389239376013633737e+05
1.390348715196599078e+05
1.391447315242733457e+05
1.392576098279517901e+05
1.394847164589792956e+05
1.396213477278252540e+05
1.398533636773207400e+05
1.399878730500573583e+05
1.402210618426186848e+05
1.403551071729630057e+05
1.404927205405223358e+05
1.406055957680273568e+05
1.408439158983733214e+05
1.409580449097542150e+05
1.410931425471295079e+05
1.412022707690198149e+05
1.414472444061333081e+05
1.415600593330594129e+05
1.416667103168806643e+05
1.419115744143815245e+05
1.420484240572248818e+05
1.421949976058284228e+05
1.423381717769887182e+05
1.424512292838585854e+05
1.425641011918178410e+05
1.428071960634714342e+05
1.429179053827777389e+05
1.430314444051125902e+05
1.431425653222089459e+05
1.433862822850198136e+05
1.435290357199555729e+05
1.436782990278029756e+05
1.437858885969734401e+05
1.439249690842526325e+05
1.441465040817659465e+05
1.442584942410695949e+05
1.443668943557053281e+05
1.446085293400663941e+05
1.447224471182769339e+05
1.448360822849943652e+05
1.450753162549796398e+05
1.451850521882046014e+05
1.453213751359808084e+05
1.454314353354323830e+05
1.455443875531571393e+05
1.457752971531454823e+05
1.458807418613948685e+05
1.460172698128187039e+05
1.461289067130498006e+05
1.462410418443951639e+05
1.463562658595226239e+05
1.464979450023697282e+05
1.466055224643369147e+05
1.467522663408182852e+05
1.468627846184586815e+05
1.469795855865458725e+05
1.470966324883848138e+05
1.472405601485828229e+05
1.473545510364400106e+05
1.474931046788961103e+05
1.475955942410249263e+05
1.477266134601239755e+05
1.478387747489447938e+05
1.479542183471699536e+05
1.481974284350673261e+05
1.483054093506632780e+05
1.484399984576764982e+05
1.485766050214545103e+05
1.487993559515289380e+05
1.489159667904345552e+05
1.490612038762146258e+05
1.493055494983556273e+05
1.495495893451248412e+05
1.497781457054000639e+05
1.499243265530482167e+05
1.500672953578832094e+05
1.502846622341225157e+05
1.503902046084268077e+05
1.506328472280907154e+05
1.508665467662351439e+05
1.509800674529318640e+05
1.510870551300334628e+05
1.512299543152753031e+05
1.514716853457035904e+05
1.516139917910487857e+05
1.518462601119068277e+05
1.520735534381335601e+05
1.522978021784089215e+05
1.524321284891551477e+05
1.526636799076930038e+05
1.528894720029359160e+05
1.531192961301715404e+05
1.532488470510740881e+05
1.533804327950644947e+05
1.534859941977518029e+05
1.536288460857855971e+05
1.537348428248889104e+05
1.538390702639143856e+05
1.540651394351610215e+05
1.541960893432870798e+05
1.543098333933760878e+05
1.544506659653952520e+05
1.545606153540699743e+05
1.546724070846966351e+05
1.548042968539411668e+05
1.549417845134285162e+05
1.550496492522804765e+05
1.552840720676151395e+05
1.553947939289726201e+05
1.555344402402226406e+05
1.557709387768944725e+05
1.559089911955453281e+05
1.560509006719617755e+05
1.561604865462734306e+05
1.562715394561875728e+05
1.563843112790918094e+05
1.566327244848735572e+05
1.567418616375857964e+05
1.569734063677167287e+05
1.572041712034453813e+05
1.573103743743841769e+05
1.574400015076730342e+05
1.575709024751578399e+05
1.576807330657708226e+05
1.579200789150901546e+05
1.581597578584387375e+05
1.583883923398746410e+05
1.586239132319969067e+05
1.587591636475138657e+05
1.589917878570993489e+05
1.590976278224110720e+05
1.592087603134118544e+05
1.594423886264760513e+05
1.595522188220861426e+05
1.597953227083190286e+05
1.599255768864707497e+05
1.600336039909158426e+05
1.601711215625561599e+05
1.602837794830194034e+05
1.603880421517088835e+05
1.604956389567357546e+05
