3.729038469238621190e+01
9.160619663400484569e+01
1.654834813457734128e+02
2.260422035774680012e+02
3.250998791739509670e+02
3.918534888000045839e+02
4.269795724400032100e+02
5.594047711849484585e+02
5.995317472418530542e+02
6.555367377891411707e+02
6.957414280059687144e+02
7.789036216149444272e+02
8.923762703998340839e+02
9.615530698099273650e+02
1.044269007567824247e+03
1.075881889072086551e+03
1.148648114799980704e+03
1.207807043663697186e+03
1.254395573080217673e+03
1.317084896265474981e+03
1.392477237927120768e+03
1.449929115345920991e+03
1.514319249308631697e+03
1.608703141654191995e+03
1.663316364710485459e+03
1.735217287251439075e+03
1.799378537473531878e+03
1.829196863293942215e+03
1.888732287761097496e+03
1.940018353824042379e+03
1.971702269497916177e+03
2.029013682726162870e+03
2.104930971657739974e+03
2.223114707651418030e+03
2.278840077120063143e+03
2.328569716756001981e+03
2.406486550542475015e+03
2.496604278789696309e+03
2.574269650006160191e+03
2.619272812677518687e+03
2.704198571057137997e+03
2.791308602546800103e+03
2.824759141182018084e+03
2.926321426914520089e+03
2.997358830291534559e+03
3.060303227970078751e+03
3.131205009486262497e+03
3.236090391473163436e+03
3.301989283769910344e+03
3.445026108397911230e+03
3.484963843663470925e+03
3.579574937556526038e+03
3.609809446138301610e+03
3.737130526672150154e+03
3.806700759762439702e+03
3.895903737335348978e+03
3.938106993784122551e+03
3.985941334747521978e+03
4.109963174532213998e+03
4.164268107740013875e+03
4.208362396580345376e+03
4.263193179682256414e+03
4.332142257174755287e+03
4.388858334272640604e+03
4.518917570601326588e+03
4.599238557709672932e+03
4.670041231903484913e+03
4.782164427630491446e+03
4.833817292407481546e+03
4.873665056426341835e+03
4.905424721884958672e+03
4.931006433182450564e+03
5.022446067827825573e+03
5.043106906230387722e+03
5.111828909097305768e+03
5.142715526218408741e+03
5.180187165791272491e+03
5.241941841427033978e+03
5.282961831012998118e+03
5.342249472324353519e+03
5.454417120933223487e+03
5.505947403285768814e+03
5.568279883258696827e+03
5.637675567017528920e+03
5.758217676778515852e+03
5.872717839183157594e+03
5.949128605419493397e+03
6.008413052709136537e+03
6.046549668478545755e+03
6.108737421644729693e+03
6.179787753902537588e+03
6.285401847104726585e+03
6.421201747597904614e+03
6.464982362725186249e+03
6.571821870664750350e+03
6.607161600534226636e+03
6.661822288970843147e+03
6.723216121144253520e+03
6.758153374142878420e+03
6.822872138167339472e+03
6.858612098761204834e+03
6.925650359021772601e+03
6.958911976305078497e+03
7.038720703945774403e+03
7.089390562571510600e+03
7.150298371816814324e+03
7.255870038767881852e+03
7.304655572933869735e+03
7.366587476429199342e+03
7.418845142282035340e+03
7.466208360839958004e+03
7.516230236694343148e+03
7.591995965952068218e+03
7.636504703593524937e+03
7.722407977976837174e+03
7.823214013248598349e+03
7.877289347818406895e+03
7.973307511492426784e+03
8.009787055332943055e+03
8.102686806525049178e+03
8.227649096632427245e+03
8.278346109232279559e+03
8.306871567560285257e+03
8.334452352533895464e+03
8.392028841663703133e+03
8.437138632327511004e+03
8.464940144215941473e+03
8.498479552376522406e+03
8.528947921226688777e+03
8.636698922782365116e+03
8.713998788246506592e+03
8.761140339056009907e+03
8.839236749873100052e+03
8.872409762925219184e+03
8.965690012256598493e+03
9.007374663346603484e+03
9.085368008062081572e+03
9.143024846247699315e+03
9.192235451465461665e+03
9.295368331391820902e+03
9.393842229647527347e+03
9.455542610129565219e+03
9.529653530362835227e+03
9.661042363893209767e+03
9.714067582921321446e+03
9.739446614552278334e+03
9.809550675028616752e+03
9.865419412326686142e+03
9.894568911909651433e+03
9.924284368869692116e+03
9.958992466094534393e+03
1.006701387429317765e+04
1.012772361250671747e+04
1.014627643304383673e+04
1.017915751017306684e+04
1.022495567727305206e+04
1.030731665309902201e+04
1.040525194843730060e+04
1.045145500899579565e+04
1.054005292249376907e+04
1.063805845954018332e+04
1.071703741982953943e+04
1.075570574743890938e+04
1.083462292093243923e+04
1.090796011226179508e+04
1.100060536325435169e+04
1.103892901387319944e+04
1.111348670298561046e+04
1.118620090920177972e+04
1.130340592735646169e+04
1.138146252634786833e+04
1.142620906566611484e+04
1.148520197692962029e+04
1.152105847168363653e+04
1.166307922478947512e+04
1.171806542591435573e+04
1.177153232313070293e+04
1.186918884972128944e+04
1.193526887053992687e+04
1.207092539374828266e+04
1.213881102283536165e+04
1.217338135578140282e+04
1.221517589147928629e+04
1.226465693981838012e+04
1.231269115590345609e+04
1.243457981186481811e+04
1.248247141246506362e+04
1.259050105558551149e+04
1.265524583004281885e+04
1.278309602905401698e+04
1.284372184649538576e+04
1.292074485686582921e+04
1.299483912719258296e+04
1.304651165488117476e+04
1.318087840454288926e+04
1.321112190217759962e+04
1.336404557059685067e+04
1.341869876521954575e+04
1.353302945197650297e+04
1.358157185408219448e+04
1.372043496351987415e+04
1.384269628374127024e+04
1.390529782934268951e+04
1.393189844071561129e+04
1.405832358413147813e+04
1.411840748662033366e+04
1.415040141900301023e+04
1.421996465716842067e+04
1.427282282740438495e+04
1.435729501770423303e+04
1.439954568288771588e+04
1.445068139485289430e+04
1.452770921730850750e+04
1.465622579315426447e+04
1.474400247138807208e+04
1.478387245710565730e+04
1.491434350370255925e+04
1.497993322131317109e+04
1.511922385102768567e+04
1.521770783191330338e+04
1.527354187883921441e+04
1.530569257046411985e+04
1.536296456226024748e+04
1.540977534651204405e+04
1.546321483913430893e+04
1.559273615173278267e+04
1.569057919837013469e+04
1.579193084356575309e+04
1.585085236820636601e+04
1.590537323417143489e+04
1.599099470640444997e+04
1.601643051459720118e+04
1.610745130408668592e+04
1.620748990770156342e+04
1.629228635868013589e+04
1.640952522857657095e+04
1.647144852641467878e+04
1.653738264728431386e+04
1.663550720411572547e+04
1.679998606610295974e+04
1.684389243409447954e+04
1.689494334065174553e+04
1.695193948507585810e+04
1.700385065440558174e+04
1.704458672106037193e+04
1.717477736871730303e+04
1.729418793567163084e+04
1.739617487128620633e+04
1.743494110091279799e+04
1.752343605593248867e+04
1.761964278693683445e+04
1.766906177449983443e+04
1.782255713366689452e+04
1.792986664209955416e+04
1.797770414632954999e+04
1.801575556420451903e+04
1.808434103247985331e+04
1.816451981300468469e+04
1.825069287470506970e+04
1.829003727070172317e+04
1.836787682308260628e+04
1.853183804679923924e+04
1.859111996522694244e+04
1.872110576196234251e+04
1.884314412971155980e+04
1.890104745210659530e+04
1.894750231383632490e+04
1.903089063149505091e+04
1.912704455430116286e+04
1.917487328561701361e+04
1.920605211474686075e+04
1.928067403174540596e+04
1.934496223856012148e+04
1.944136388767796961e+04
1.951486838311616157e+04
1.954618372397562052e+04
1.961975891233511720e+04
1.970006758199358956e+04
1.974941175456374549e+04
1.981125175366574695e+04
1.994767433328932748e+04
2.005534220160448604e+04
2.015485087804216164e+04
2.020656627053201737e+04
2.025215416028951222e+04
2.030670871846254158e+04
2.035494109292127177e+04
2.044448039248754139e+04
2.058919414596634306e+04
2.068594046434388292e+04
2.073787291575703057e+04
2.081035550082940608e+04
2.093274400895856525e+04
2.105402223666787177e+04
2.108173263771246638e+04
2.113977618372010693e+04
2.116855277701948216e+04
2.123669439660499847e+04
2.131936236906580234e+04
2.143741921778547839e+04
2.146931976484885672e+04
2.155300835716342772e+04
2.164000384428960388e+04
2.172076923855983478e+04
2.181402898519587325e+04
2.185489818088566608e+04
2.192961208490590070e+04
2.198443569709863368e+04
2.202892042377796679e+04
2.205872959854956571e+04
2.212388632964331191e+04
2.217697935919615338e+04
2.224774842796230223e+04
2.235396159636422090e+04
2.239997013952911948e+04
2.244200977496263295e+04
2.248820122102225287e+04
2.261801950083629708e+04
2.264685766333870561e+04
2.278223805751522741e+04
2.288364690721648003e+04
2.296431238155154642e+04
2.300641787531491354e+04
2.313343383925002126e+04
2.321126919477647243e+04
2.326679511856051249e+04
2.328994768862798446e+04
2.339080555992735754e+04
2.352741021007184463e+04
2.359171504977201039e+04
2.363175389524261846e+04
2.369348821149231298e+04
2.373042830344178219e+04
2.379279137500038269e+04
2.391921178458634677e+04
2.396979510170347930e+04
2.406944900427702305e+04
2.412761945047326299e+04
2.422867943642950559e+04
2.426773794292717139e+04
2.437649379673314616e+04
2.442056323187361704e+04
2.445920501203427557e+04
2.454836208600341342e+04
2.458284660765382068e+04
2.466699679555789771e+04
2.472467334493543603e+04
2.480307005048149222e+04
2.484314244553485332e+04
2.487927232912883846e+04
2.496583052901523115e+04
2.506979754614653575e+04
2.512928409436333823e+04
2.515801346607201776e+04
2.522848210530938013e+04
2.527088371399184325e+04
2.534498211486665969e+04
2.537498652710143142e+04
2.541706188034310617e+04
2.548923369062725396e+04
2.553401369739917209e+04
2.557477357700290668e+04
2.567218488145646916e+04
2.571206587927963483e+04
2.578409306057792128e+04
2.581759054334361645e+04
2.587789006971838171e+04
2.596659780345623221e+04
2.601326475436637702e+04
2.605989465408272372e+04
2.609306867732360843e+04
2.614659115011252652e+04
2.616733975120457762e+04
2.624963392780734284e+04
2.629998185661780735e+04
2.642011863290798647e+04
2.653945152357362531e+04
2.657199845607605675e+04
2.662548224939801003e+04
2.668781073727810508e+04
2.672258199457436422e+04
2.680053752785253891e+04
2.684013097471095898e+04
2.692531823686434655e+04
2.700525262354715233e+04
2.712728151965549841e+04
2.718068811290597296e+04
2.723302638529846809e+04
2.729105232247337699e+04
2.735908205306746822e+04
2.742211097058505766e+04
2.748250270110084966e+04
2.752442437815782978e+04
2.758790735484659672e+04
2.764217251701075656e+04
2.769222936380000829e+04
2.773317133575405023e+04
2.777832947423896985e+04
2.785710562080358795e+04
2.791319938708463815e+04
2.795753400338182473e+04
2.799096477854277327e+04
2.802553743964066962e+04
2.817737663437107039e+04
2.824889144740098345e+04
2.831115653857646612e+04
2.839927959818976888e+04
2.847279460354263574e+04
2.852984497032463332e+04
2.855993898083190288e+04
2.860507660352955645e+04
2.862910774823838801e+04
2.868328074166116858e+04
2.876829016095434417e+04
2.883735803426312850e+04
2.889646306040996205e+04
2.902739815584460302e+04
2.907861789153065547e+04
2.911766638862254695e+04
2.915044529215890725e+04
2.923755607517364479e+04
2.928447375457956514e+04
2.931624488213765653e+04
2.935850682402909661e+04
2.941592390884364431e+04
2.945834791909106934e+04
2.948580009234462341e+04
2.962327079044791390e+04
2.973263102333296411e+04
2.977603570489875710e+04
2.987387477623350060e+04
2.995572890295136676e+04
3.000921211554859474e+04
3.004684587630600799e+04
3.016496025864949115e+04
3.022527515585968649e+04
3.032151341742706791e+04
3.039122836734208249e+04
3.043534758597613836e+04
3.054383963251667592e+04
3.062082672935186201e+04
3.069420209841488759e+04
3.073402625150717722e+04
3.082568749823028702e+04
3.086811748775816159e+04
3.092360057061015686e+04
3.099541843086341032e+04
3.106425690844031487e+04
3.111700772787700771e+04
3.116097771016773913e+04
3.122671740127461089e+04
3.129678378161804358e+04
3.145442443096047282e+04
3.151630006219033021e+04
3.156359592601266922e+04
3.164108501385275304e+04
3.167444954723637056e+04
3.172176471869674788e+04
3.176636532105528750e+04
3.185224730387395175e+04
3.187646898991824492e+04
3.192995956938228483e+04
3.201375712560579632e+04
3.209805998556339182e+04
3.212009445993340705e+04
3.215682981301321706e+04
3.220910429576761817e+04
3.227698999190183167e+04
3.231828763872259879e+04
3.235020963319046496e+04
3.240191073777459678e+04
3.246672041331145738e+04
3.255369381291724130e+04
3.265241521744000784e+04
3.268958525652390017e+04
3.273627196941681541e+04
3.281552777564963617e+04
3.287666216834454826e+04
3.295708173309623817e+04
3.300235411222300900e+04
3.306453762641538196e+04
3.312570424072608148e+04
3.321471254901398788e+04
3.327097152713799005e+04
3.330858680594702309e+04
3.336137526479549706e+04
3.345835051878193917e+04
3.354242391713435791e+04
3.361681571280080243e+04
3.374496748340711929e+04
3.386696601545426529e+04
3.394019314523450885e+04
3.402056054086071526e+04
3.412591871849389281e+04
3.415849154256075417e+04
3.424661153011465649e+04
3.429063574367213005e+04
3.435514074122534657e+04
3.441819606500540976e+04
3.447204577047887869e+04
3.453481121768801677e+04
3.459101039677608787e+04
3.463484892176009453e+04
3.467756128393037943e+04
3.475701825506860769e+04
3.480184304825857544e+04
3.485249536079867539e+04
3.488299256368924398e+04
3.495404998993934714e+04
3.504650133811794512e+04
3.508937868151452858e+04
3.512653359057341004e+04
3.522895058228440757e+04
3.526928020120665315e+04
3.535404857216047094e+04
3.539528313991897448e+04
3.551670051902313571e+04
3.564438013800711633e+04
3.571973364440129080e+04
3.578975315471027716e+04
3.583162344500709878e+04
3.588801951420533442e+04
3.597623033695592312e+04
3.602658189888113702e+04
3.611851995345760952e+04
3.615427923909833771e+04
3.621479765732793749e+04
3.625310247005835117e+04
3.642370312246988033e+04
3.650983977257976221e+04
3.658295159972181136e+04
3.665833787204511464e+04
3.669274327786186041e+04
3.676699106844493508e+04
3.686994427374003135e+04
3.692407775737947668e+04
3.697753979387907748e+04
3.701876362345482630e+04
3.714534797798978980e+04
3.718015231184486038e+04
3.721635278818296501e+04
3.725944279820230440e+04
3.730857066418445902e+04
3.737843161371645692e+04
3.741200101966987131e+04
3.745979151189317054e+04
3.751103495436734374e+04
3.759746812403578224e+04
3.763766897340469586e+04
3.775408778943114157e+04
3.782866943422891200e+04
3.790463766580335505e+04
3.804141690973434015e+04
3.810271382096142042e+04
3.813710690395393613e+04
3.821609050615466549e+04
3.826783969125551084e+04
3.831366245960457309e+04
3.835079376391182450e+04
3.838271258268173551e+04
3.843102553008752875e+04
3.847059261802260880e+04
3.861131986558854987e+04
3.868382155239122221e+04
3.873905787771302857e+04
3.884205747955227707e+04
3.890488441228135343e+04
3.893646554130099685e+04
3.902084134674599045e+04
3.906505265931438771e+04
3.918506855344443466e+04
3.926472624103544513e+04
3.932566704675851361e+04
3.936329667049460113e+04
3.941744621347988141e+04
3.945185695492599916e+04
3.955139907642397156e+04
3.966862323036734597e+04
3.973963739388438262e+04
3.980423016766129149e+04
3.987406655985883845e+04
3.992861175988018658e+04
4.000381203443455888e+04
4.005675643704222603e+04
4.011430031875172426e+04
4.014688666492742777e+04
4.022420885107562935e+04
4.025198489034193335e+04
4.031080468525728065e+04
4.035079737650084280e+04
4.041248848259959050e+04
4.050782098307567503e+04
4.059280514180263708e+04
4.065651043642271543e+04
4.072094172536629048e+04
4.077946502515995235e+04
4.084759673543475947e+04
4.088230095417286793e+04
4.096911893626369420e+04
4.108943175519158831e+04
4.111939723084745492e+04
4.115519070307272341e+04
4.129591968680889113e+04
4.139634871392595232e+04
4.157362827070124331e+04
4.165018768958371220e+04
4.168595736023764766e+04
4.172834103284154116e+04
4.177612434269020741e+04
4.185816245997605438e+04
4.191298634365469479e+04
4.201573200407984405e+04
4.210005440318386536e+04
4.220620342621114105e+04
4.223945006100620230e+04
4.228884754254788277e+04
4.233818668475154118e+04
4.238803521384807391e+04
4.251688772076097666e+04
4.265542830252627027e+04
4.270756891433719284e+04
4.275411904143181164e+04
4.282645629864590592e+04
4.286919800250378466e+04
4.294546975782571826e+04
4.299151700267023261e+04
4.303275787693554594e+04
4.314493656992163596e+04
4.318292761302180588e+04
4.334375334286584985e+04
4.339674722442479106e+04
4.344099850522995257e+04
4.350962480768901878e+04
4.359064656048412144e+04
4.371220245638304914e+04
4.377842051056479249e+04
4.382979261352693720e+04
4.393929436261225055e+04
4.399526043417990149e+04
4.406131748180030263e+04
4.410368540016556653e+04
4.415180067978135776e+04
4.424513272362873249e+04
4.432732392218942550e+04
4.440856604232931568e+04
4.450950083868589718e+04
4.463960343676909542e+04
4.468228240142246068e+04
4.470353084074414801e+04
4.480504444347716344e+04
4.486193573743424349e+04
4.490307174399518408e+04
4.495239592934791290e+04
4.506000097210288368e+04
4.510084372316243389e+04
4.518383469592712936e+04
4.521590709561243420e+04
4.526793193326488836e+04
4.536307688539461378e+04
4.542605917838267487e+04
4.554590331247061840e+04
4.559563080517024355e+04
4.565391403644321690e+04
4.570397766125725320e+04
4.579125962592818541e+04
4.587249080678624887e+04
4.594682271646054141e+04
4.602228173525995226e+04
4.614439075285466970e+04
4.619892720170202665e+04
4.628308103987576033e+04
4.632610006556992448e+04
4.639961203115704848e+04
4.651488275418538251e+04
4.656650945488761499e+04
4.662061282067261345e+04
4.665867568190968450e+04
4.670762169918745349e+04
4.678668351647793315e+04
4.684682340145693888e+04
4.692614639181954408e+04
4.704854720154524693e+04
4.709451671855452878e+04
4.711705185217918915e+04
4.727346490499101492e+04
4.731795589081534854e+04
4.738928500353269919e+04
4.746497822282225388e+04
4.749664826504389202e+04
4.754938021473199478e+04
4.757917041317281110e+04
4.760980044740883022e+04
4.768085337718676601e+04
4.774372367102715361e+04
4.776503524770923832e+04
4.781455964851225872e+04
4.784650370549102081e+04
4.790774123415051872e+04
4.793089546721158695e+04
4.803762737618305255e+04
4.809057954708103352e+04
4.815727297569212533e+04
4.820375763726010337e+04
4.828433481463948556e+04
4.832212975371595530e+04
4.836826103028432408e+04
4.842704472558575071e+04
4.854866760147977038e+04
4.863766082792764792e+04
4.873177632451024692e+04
4.882067807868545060e+04
4.888739803694558941e+04
4.900784006312644487e+04
4.912392444393832557e+04
4.920330324388317240e+04
4.923257526077156945e+04
4.928497240409210644e+04
4.938389349816401955e+04
4.947985226622340997e+04
4.954379874352003390e+04
4.961238186945840425e+04
4.966475728477455414e+04
4.976880326830899867e+04
4.986485568796125881e+04
4.993872629353998491e+04
4.999048921947763301e+04
5.002064991736800584e+04
5.008007278313173447e+04
5.015148342664110532e+04
5.028436646072239819e+04
5.033867017173916975e+04
5.036665250559381820e+04
5.039837938320563262e+04
5.046259970901242923e+04
5.052841060196836042e+04
5.057797466649954731e+04
5.062751574534197425e+04
5.078361616575439984e+04
5.089393350141237170e+04
5.095457144745543337e+04
5.102017968540290167e+04
5.107420372673889506e+04
5.118611298056634405e+04
5.129735192025093420e+04
5.135600407999198796e+04
5.143670251331752661e+04
5.148268634350784123e+04
5.156866880296449381e+04
5.162348514419716230e+04
5.169428409007448499e+04
5.181094408429358737e+04
5.187125145970129233e+04
5.191388332376511244e+04
5.195683009820846200e+04
5.208355452014152979e+04
5.215882591733169102e+04
5.222705057881410175e+04
5.230541389217296091e+04
5.236591606510952261e+04
5.245396229113699519e+04
5.249900273569021374e+04
5.262438936438647943e+04
5.266754471524913242e+04
5.271427820750852698e+04
5.277102190972115932e+04
5.283552163808402111e+04
5.297500950689076126e+04
5.309495189874940843e+04
5.313927169592792779e+04
5.318162447834823251e+04
5.325428315897475841e+04
5.328643607098484790e+04
5.332677211921214621e+04
5.336840431659789465e+04
5.345659318767784862e+04
5.350186347426122666e+04
5.354733845280381502e+04
5.360401361471496057e+04
5.368774285547797626e+04
5.373359769599215360e+04
5.378979875361044105e+04
5.382675611574457434e+04
5.389903061999532656e+04
5.399059786284599977e+04
5.407194784980211261e+04
5.413254410007884871e+04
5.421027452880059718e+04
5.431541588931871229e+04
5.435204521635892161e+04
5.442676639898736903e+04
5.445030258418963058e+04
5.455153732681002293e+04
5.462750920303016755e+04
5.472618656918672787e+04
5.479667069893274311e+04
5.486905668719809910e+04
5.502167174028165755e+04
5.509235427124539274e+04
5.516061797393261804e+04
5.528743902799785428e+04
5.533707147782486572e+04
5.537404407349277608e+04
5.543579506739726639e+04
5.551073306189419236e+04
5.561163223242668755e+04
5.568035538804516545e+04
5.571973336195808224e+04
5.575377290787851234e+04
5.579595269854094659e+04
5.583720238264217187e+04
5.589905475635986659e+04
5.595219098524932633e+04
5.599066544150021946e+04
5.610900871408763487e+04
5.615449001950427919e+04
5.619330674882063613e+04
5.627640052382031718e+04
5.631197741046264855e+04
5.634826577288466797e+04
5.637976101602725976e+04
5.646771722275538195e+04
5.654295444844403391e+04
5.657258340945022792e+04
5.662757061242407508e+04
5.675472997907601530e+04
5.685662481293894234e+04
5.689141041570768721e+04
5.694278431986967917e+04
5.698564532696892275e+04
5.701490833060465229e+04
5.706522737471021537e+04
5.716366934439054603e+04
5.719238073837150296e+04
5.726536211367597571e+04
5.734493696148296294e+04
5.743309286197278561e+04
5.750764167600258224e+04
5.755051971831388073e+04
5.760613629650562507e+04
5.763668192686520342e+04
5.771572253106191056e+04
5.787711410459294711e+04
5.797043329182825255e+04
5.804640566690665582e+04
5.813375901756846724e+04
5.819858558242166328e+04
5.823661359492100746e+04
5.827304063752868387e+04
5.835782744432154141e+04
5.846150072749720130e+04
5.849916616279794835e+04
5.854143678203938907e+04
5.862183215805634973e+04
5.867644984293363814e+04
5.872973659388941451e+04
5.876508894524189964e+04
5.885905074645378045e+04
5.890141231188281381e+04
5.896019034280498454e+04
5.910966797059792589e+04
5.918474070491231396e+04
5.922409643930691527e+04
5.929840874303446617e+04
5.932238579915997980e+04
5.936346720407539397e+04
5.941122536470013438e+04
5.945567155260749860e+04
5.950198591947756358e+04
5.954533467462953558e+04
5.964253829924927413e+04
5.970304203107661306e+04
5.974634337636111741e+04
5.987124610260425834e+04
5.995012262399142492e+04
6.002782671581262548e+04
6.007173191074532224e+04
6.013191313059177628e+04
6.022030268172966316e+04
6.030101613660142175e+04
6.044322439381064032e+04
6.050801610978649842e+04
6.058238386884409556e+04
6.063885012829906918e+04
6.067471680771177489e+04
6.074045651198986161e+04
6.077389704736931890e+04
6.083611626619997696e+04
6.091011254249487683e+04
6.103376045909318782e+04
6.109941750715488888e+04
6.114510524558130419e+04
6.120306327447703370e+04
6.133369058779523766e+04
6.138589082159041573e+04
6.143547963732605422e+04
6.150334481804037205e+04
6.163004276898446551e+04
6.168110432611218857e+04
6.174550743629446515e+04
6.181033852629903413e+04
6.186998695059421880e+04
6.189318564859437902e+04
6.192875369201255671e+04
6.206110080294804357e+04
6.213254059954699187e+04
6.220533650503669196e+04
6.224372504734085669e+04
6.238493100154559943e+04
6.247746936612901482e+04
6.252338264063732640e+04
6.256999379658835824e+04
6.261315202573138959e+04
6.265518531729826645e+04
6.272883015565582900e+04
6.275661080678539292e+04
6.283432947273083118e+04
6.295762835175319196e+04
6.302168290205589437e+04
6.316154872302467265e+04
6.323557882180695742e+04
6.327561534896148805e+04
6.331554381850636128e+04
6.338906080420072249e+04
6.345452922211007535e+04
6.354620179437647312e+04
6.361832105598514318e+04
6.369861878151727433e+04
6.377280363033468166e+04
6.386613303641921084e+04
6.396068103762179817e+04
6.409323536819043511e+04
6.412907408054511325e+04
6.418432744717739843e+04
6.424251369812519260e+04
6.430939015270838718e+04
6.439361049423417717e+04
6.449407797525613569e+04
6.454720144226558477e+04
6.460825810521308449e+04
6.464518630181067419e+04
6.469869202586950269e+04
6.474733499287268205e+04
6.482258884235664300e+04
6.497481806837249314e+04
6.500778065874974709e+04
6.510507188698680693e+04
6.514592573292002635e+04
6.519516451803386735e+04
6.530577676081826212e+04
6.540393898704324238e+04
6.545791249611904641e+04
6.553104909799987217e+04
6.558690049536572769e+04
6.563685731834001490e+04
6.570608317466135486e+04
6.583313466812945262e+04
6.589982861067356134e+04
6.593049199052648328e+04
6.597329302796207776e+04
6.608522339677845594e+04
6.618695944961995701e+04
6.628152329671029293e+04
6.631597583792485239e+04
6.640474407147015154e+04
6.646051138055027695e+04
6.658197934573962993e+04
6.664668237975398370e+04
6.668896513965833583e+04
6.674603644456449547e+04
6.679067673402445507e+04
6.685005925735880737e+04
6.689795137007989979e+04
6.691989975437123212e+04
6.697899637438938953e+04
6.701932436458903248e+04
6.709057268132343597e+04
6.713142634521564469e+04
6.721916525104432367e+04
6.729936388199198700e+04
6.740591692212001362e+04
6.743778613933018642e+04
6.750308355279055831e+04
6.752636304481548723e+04
6.755713050813772134e+04
6.762736241310302285e+04
6.770276833841094049e+04
6.781287916572800896e+04
6.784170308812185249e+04
6.790636682101860060e+04
6.795968348024731677e+04
6.799910008242994081e+04
6.808309371091669891e+04
6.816404952452056750e+04
6.830932258990331320e+04
6.836521697503280302e+04
6.847796478092850884e+04
6.856197409339383012e+04
6.863434531513886759e+04
6.872260427266621264e+04
6.875501589541311841e+04
