3.060651310319370566e+01
6.338065923358981735e+01
1.045151733036513235e+02
1.727005983751182612e+02
2.225171573141978740e+02
2.940006696450913637e+02
3.376548322093423735e+02
3.733981389690960100e+02
4.070772557196050911e+02
4.451536505906221919e+02
4.751488081038665428e+02
5.240486397768222560e+02
5.591152214961433629e+02
6.001451746155547653e+02
6.238052424773384246e+02
6.509681591854068756e+02
6.954012597536611793e+02
7.335627410941373228e+02
7.567455215958016197e+02
7.986486359292991892e+02
8.364712117395515634e+02
8.802306965582398561e+02
9.193664501824457602e+02
9.663298226050402491e+02
9.923928639539633423e+02
1.051824147404672203e+03
1.084194217116220443e+03
1.169764480982648365e+03
1.238234727463324589e+03
1.278753783340266409e+03
1.353377472023462360e+03
1.379127999515705369e+03
1.459635428273564230e+03
1.491898184133022596e+03
1.534695033893123309e+03
1.555989168332236204e+03
1.590652393243419283e+03
1.648178331581689690e+03
1.697815184577380933e+03
1.787036960920971524e+03
1.823516607485872782e+03
1.846405067746493387e+03
1.882196059022581494e+03
1.907729375613270577e+03
1.954834469692936636e+03
1.982589400699957878e+03
2.009267801796098638e+03
2.042970424820105109e+03
2.080044906744451509e+03
2.114939835663934446e+03
2.158348168592070124e+03
2.198829355228372151e+03
2.221936583944561335e+03
2.247141421093848749e+03
2.282973283383967100e+03
2.311088708325299649e+03
2.358716478761436065e+03
2.404490345328625153e+03
2.440105765883249205e+03
2.481634910698155636e+03
2.504402654750142119e+03
2.574873889913094445e+03
2.634677543868811881e+03
2.698999318157903417e+03
2.726151177150671174e+03
2.806170398359764931e+03
2.841354453060005653e+03
2.870132609244421474e+03
2.899055972529698010e+03
2.923730245338627356e+03
2.960187445416790069e+03
2.994030490261631257e+03
3.051781232926460689e+03
3.102394892385634648e+03
3.154821570888840142e+03
3.213716865834763666e+03
3.244607853591850926e+03
3.310162674228983178e+03
3.336314148113279771e+03
3.405982703944009245e+03
3.445407887125498746e+03
3.483061793451930498e+03
3.500934674284302218e+03
3.533073182280299079e+03
3.584141210632200909e+03
3.609600643212676459e+03
3.640170874497734985e+03
3.675829195956531748e+03
3.710099216974004321e+03
3.752179237500202362e+03
3.792859019202677700e+03
3.825912151267558784e+03
3.866245187948407420e+03
3.890801107759129991e+03
3.926120881388963426e+03
3.958805750023001110e+03
4.007015582764475766e+03
4.032655521228663474e+03
4.065094559889571428e+03
4.094296015866906600e+03
4.121839392413482528e+03
4.156794790956494580e+03
4.232890984509283953e+03
4.259869875650221729e+03
4.290330603592830812e+03
4.312872642958099277e+03
4.339348026672805645e+03
4.375722099290821461e+03
4.400585089339001570e+03
4.441180182753023473e+03
4.532499582177330012e+03
4.578186047063860315e+03
4.641731748793005863e+03
4.669045250622214553e+03
4.701974810416277251e+03
4.740818993411777228e+03
4.765039574272737809e+03
4.826776113794433513e+03
4.889472217501518571e+03
4.931885591381156701e+03
4.966256412834912226e+03
5.057377156677853236e+03
5.095995760609063836e+03
5.121566394626412148e+03
5.142586507490645999e+03
5.203911210788874087e+03
5.243096745331306010e+03
5.273497669903330461e+03
5.311125263830905169e+03
5.343952352985141260e+03
5.389044603359204302e+03
5.414518837712431377e+03
5.443780790967808571e+03
5.500297913008930664e+03
5.542969568583700493e+03
5.572838429641183211e+03
5.614455043420748552e+03
5.647459551271434975e+03
5.690563172074854265e+03
5.748593242356485462e+03
5.778907812285894579e+03
5.829577172542389235e+03
5.866114815500862278e+03
5.905768179919649810e+03
5.938229900053534038e+03
5.978344429521079292e+03
6.017260364335265876e+03
6.065043749344146818e+03
6.095570858528901226e+03
6.129465683655528665e+03
6.164106222592001359e+03
6.202577420434284249e+03
6.241862457400558924e+03
6.283828707566950470e+03
6.314154519105568397e+03
6.356762999396674786e+03
6.404708708512853264e+03
6.438528925715918376e+03
6.469623868352710815e+03
6.502340258111104959e+03
6.533840132133703264e+03
6.569064380578967757e+03
6.603814114126796994e+03
6.642723008238385773e+03
6.670571625448245868e+03
6.706011669477356008e+03
6.760401154015679822e+03
6.798782244708438157e+03
6.849459773303406109e+03
6.897397649602544334e+03
6.930487208236848346e+03
6.959178756889563374e+03
6.984738960479113302e+03
7.008606180031606527e+03
7.052317260569600876e+03
7.083146507788647796e+03
7.108193276493369012e+03
7.195484573586136321e+03
7.240113532257551924e+03
7.277949073795755794e+03
7.321585412048148100e+03
7.359676386575903962e+03
7.390406160063466814e+03
7.456746169216490671e+03
7.486343450946862504e+03
7.549970223359820011e+03
7.578839123441709489e+03
7.615742825052466287e+03
7.662288310981292852e+03
7.701984661492016130e+03
7.731851307323653600e+03
7.751726330758639051e+03
7.786583682697994846e+03
7.819374140776739296e+03
7.849406157462282863e+03
7.878124444422296619e+03
7.904994205665113441e+03
7.929586397283334918e+03
7.950634712428408420e+03
8.004263356408137042e+03
8.029347638444182849e+03
8.062079580569640711e+03
8.101417992808137569e+03
8.153810010536441041e+03
8.205578304595132067e+03
8.244641691446533514e+03
8.288043497946768184e+03
8.325998928263179550e+03
8.352175607910830877e+03
8.377431560798739156e+03
8.452441587171291758e+03
8.494931550953877377e+03
8.522453335676274946e+03
8.561277275255057248e+03
8.587522124347835415e+03
8.634105244137475893e+03
8.667014521517859976e+03
8.706057028346376683e+03
8.757295654803992875e+03
8.784231739571063372e+03
8.870810242284114793e+03
8.933491709296109548e+03
8.984204427611626670e+03
9.037737766915246539e+03
9.099427312223546323e+03
9.152912094014631293e+03
9.203316895645759359e+03
9.237136869027906869e+03
9.267380915572983213e+03
9.295605531445313318e+03
9.331864440248629762e+03
9.406948228327981269e+03
9.453573979901351777e+03
9.484972121805629286e+03
9.511876412441706634e+03
9.550483139923833733e+03
9.608300744918051350e+03
9.652011885774145412e+03
9.699508021763502256e+03
9.740438659446197562e+03
9.802994888786872252e+03
9.821427990933247202e+03
9.850025172584244501e+03
9.878531955478732925e+03
9.910761883383775057e+03
9.975767264778392928e+03
1.003471141411744975e+04
1.006001946658321503e+04
1.009853763688510844e+04
1.013655679607374441e+04
1.019231187821176354e+04
1.025390216297341976e+04
1.027810848108884238e+04
1.032143862534136679e+04
1.034705569298287446e+04
1.037262918898622593e+04
1.041002138573493903e+04
1.044553398259417190e+04
1.049297824849793687e+04
1.052864480814537637e+04
1.061765085009622999e+04
1.064957910885953424e+04
1.068800069481077480e+04
1.070904131892588703e+04
1.077763034516166954e+04
1.080957547967291248e+04
1.087534080188099142e+04
1.096304545131659324e+04
1.099876842792306888e+04
1.102697697179686475e+04
1.105639127703118538e+04
1.107748041076856134e+04
1.111743596011826230e+04
1.115820565975618047e+04
1.119408720750047360e+04
1.122862586211808230e+04
1.127704108728130996e+04
1.132013418986987745e+04
1.138785364423448482e+04
1.141272957275660883e+04
1.144392508920473119e+04
1.149753626544626968e+04
1.154305945962409533e+04
1.157809721152484599e+04
1.161905690984022840e+04
1.165145557550485864e+04
1.167875805066610155e+04
1.175081554978149325e+04
1.180256107747061469e+04
1.184452767556072286e+04
1.191045717340225747e+04
1.194698565948774558e+04
1.201953441562489752e+04
1.205532216688316839e+04
1.211583748287538947e+04
1.219496365288481684e+04
1.222006551343897991e+04
1.229838910374043189e+04
1.233351274450363053e+04
1.236544273705050364e+04
1.240744747332144652e+04
1.243202375711002060e+04
1.247027599448309775e+04
1.249612696193867487e+04
1.253003210480524831e+04
1.256782731420690106e+04
1.261621092673006933e+04
1.267501481998249801e+04
1.271227091634258613e+04
1.274590153710310187e+04
1.276650084893803978e+04
1.279635241184316328e+04
1.285961239479468350e+04
1.293656009519220788e+04
1.295960217225555971e+04
1.302514694290664193e+04
1.307592616384618123e+04
1.314456899355268251e+04
1.317207935517186706e+04
1.320745340806810418e+04
1.324379684409784932e+04
1.328008018200158585e+04
1.333449495095327256e+04
1.337998194245246486e+04
1.346272176633312301e+04
1.348384287815052630e+04
1.351689753081429808e+04
1.354582016127341922e+04
1.359205476681079199e+04
1.365716856533072496e+04
1.370115084740623752e+04
1.372276104230139572e+04
1.376382427213792471e+04
1.379463144864124843e+04
1.384451803363505132e+04
1.388695691876665660e+04
1.393381199004188784e+04
1.395269377530832935e+04
1.397902353565309386e+04
1.402307450567807064e+04
1.406605461361610469e+04
1.410504160961644811e+04
1.417013110445590428e+04
1.419370652203503960e+04
1.423447705406404748e+04
1.426350971871206275e+04
1.428157221604342158e+04
1.431276005958652968e+04
1.436016069642890216e+04
1.438863049725632663e+04
1.446029765313607822e+04
1.449268144012020821e+04
1.451982259504638023e+04
1.457076858999576689e+04
1.462089211290360072e+04
1.464928863568190172e+04
1.468115304557280979e+04
1.471448343630098134e+04
1.474662506644462155e+04
1.481194374282223180e+04
1.485224619032508963e+04
1.488332616676134967e+04
1.492260993145699649e+04
1.495408510466841653e+04
1.500436762290515253e+04
1.503476702606661092e+04
1.506179786715395676e+04
1.508685200528615496e+04
1.512254372624502139e+04
1.516842548325761163e+04
1.521874909095501789e+04
1.525289774321890218e+04
1.528587513179722373e+04
1.533054367094517147e+04
1.538794964425393482e+04
1.546603061066122609e+04
1.549610488011544658e+04
1.552933051649670779e+04
1.556878068045843793e+04
1.562361216624309054e+04
1.568291894869162934e+04
1.573488802183789994e+04
1.578556132506769063e+04
1.582652417119019083e+04
1.587536514769977293e+04
1.589776017777872585e+04
1.592530293996268119e+04
1.595291196197452336e+04
1.601847478887106627e+04
1.605114948466144961e+04
1.610975856147196828e+04
1.613681347253569038e+04
1.619714921773168317e+04
1.623399261967155871e+04
1.628365174373909758e+04
1.632992187119443770e+04
1.635607600718514368e+04
1.638063906637011132e+04
1.648403239162852697e+04
1.652705410276542898e+04
1.659887982326906786e+04
1.663073951710085385e+04
1.669094899712640108e+04
1.674969744185031595e+04
1.679458902085794034e+04
1.682896127992565380e+04
1.688261355843911588e+04
1.696210462112853565e+04
1.699871412046536716e+04
1.705794349614642124e+04
1.709728627447399413e+04
1.712367674236304083e+04
1.716200082670404663e+04
1.720839998988648586e+04
1.722924044461161611e+04
1.727399371626387438e+04
1.734306845779449941e+04
1.740678396835520834e+04
1.746202803038451748e+04
1.749001482750161449e+04
1.751146085697215676e+04
1.754066382135149979e+04
1.756134211692029203e+04
1.759225520512952789e+04
1.764613475399526578e+04
1.769665598233231503e+04
1.773778555623638022e+04
1.777409880526833513e+04
1.781115019845755887e+04
1.783941045080190088e+04
1.791255685882972102e+04
1.794457769210598781e+04
1.797428510963317240e+04
1.799390073963849500e+04
1.803143515564150584e+04
1.806170361223186774e+04
1.808788461611448292e+04
1.812518315496646755e+04
1.820776821099737208e+04
1.825609595062312292e+04
1.828441254080472936e+04
1.832507864388316375e+04
1.835244934998306417e+04
1.838974443721753414e+04
1.842309327418599423e+04
1.847593133367159680e+04
1.851194158930684353e+04
1.854363489821242911e+04
1.858615079624403006e+04
1.861478262832388282e+04
1.864240771186499842e+04
1.869435475104583747e+04
1.873442333786643576e+04
1.876946800769434049e+04
1.879805880116032858e+04
1.883505581108086699e+04
1.886144792651604803e+04
1.889593325081750663e+04
1.892820649563232655e+04
1.895308702912343506e+04
1.904884242020318925e+04
1.909062740828788446e+04
1.913458074012171346e+04
1.916530498324631844e+04
1.919715490943478289e+04
1.925964346021438178e+04
1.928040059560671943e+04
1.930566970739927274e+04
1.938905886518056286e+04
1.942656948766441928e+04
1.948406878902210519e+04
1.951677220724661674e+04
1.955638677475979785e+04
1.957508375262924892e+04
1.959429395831684815e+04
1.967067959221335332e+04
1.969804856871231459e+04
1.976107692443479027e+04
1.980377354540986562e+04
1.982806920299565536e+04
1.985143671392466786e+04
1.992536198275634888e+04
1.995864309761445838e+04
2.000472616406473389e+04
2.003702663090851638e+04
2.009027282268857380e+04
2.013157384024598650e+04
2.016635054477891390e+04
2.021236040329758907e+04
2.026197305109502850e+04
2.032291220540622089e+04
2.036437567797206430e+04
2.039700933207300113e+04
2.044487824979126162e+04
2.049984063130475988e+04
2.054437855140061583e+04
2.061475620842074932e+04
2.068684220942380125e+04
2.072678141317036716e+04
2.077737686551850129e+04
2.081309962607501802e+04
2.083499288934020296e+04
2.087360949058710321e+04
2.093822791749678072e+04
2.096017658133498117e+04
2.100412079445221025e+04
2.103478195957100979e+04
2.108104092973348816e+04
2.111398919188518994e+04
2.113749187368270577e+04
2.116350089756347006e+04
2.122375140328961061e+04
2.127071124177473394e+04
2.130441967994579318e+04
2.132829699321879889e+04
2.136841372605030847e+04
2.140892010192625821e+04
2.144690304699299304e+04
2.148554565168648696e+04
2.150595230287052254e+04
2.155265568136755610e+04
2.157526924522611080e+04
2.160809865268061913e+04
2.164811697621367784e+04
2.168489771135570481e+04
2.170364874255655013e+04
2.172825662190156072e+04
2.176680206274285956e+04
2.179083015819969296e+04
2.182388961512019159e+04
2.186738610770555897e+04
2.189144447304408459e+04
2.195502295195182887e+04
2.198564396311353266e+04
2.203681854684907375e+04
2.210753393451443117e+04
2.212710150311162943e+04
2.216473781340346977e+04
2.221196244102691344e+04
2.225345623655178133e+04
2.229729184373205862e+04
2.233574751119477878e+04
2.237296650880525340e+04
2.239459366188092463e+04
2.244070609278462507e+04
2.247363439588802794e+04
2.250640235839319939e+04
2.254475170687365244e+04
2.257102821363091425e+04
2.260018273113387841e+04
2.263968377006548690e+04
2.270625989010390185e+04
2.277538233672216666e+04
2.280287482966286552e+04
2.285144622792769951e+04
2.291177735078072510e+04
2.294441443993957000e+04
2.296980803590944925e+04
2.301826427487582623e+04
2.305765381834702930e+04
2.310193329761308996e+04
2.314514757036744049e+04
2.319380162080724767e+04
2.326117334114613186e+04
2.330023381279776731e+04
2.333670185734647748e+04
2.337227751324920609e+04
2.340726237351921009e+04
2.345878586736337820e+04
2.349006646347440983e+04
2.351864729499223540e+04
2.357252785125438822e+04
2.363144110926600843e+04
2.366246463367656543e+04
2.368373646702121187e+04
2.372475217934306784e+04
2.375172797480437293e+04
2.379767142648587105e+04
2.382430629736123228e+04
2.387014426245025243e+04
2.393569256371070514e+04
2.397904218639229293e+04
2.404024549040968122e+04
2.406640104216633335e+04
2.409415189692383865e+04
2.414655334545576989e+04
2.419017979676777031e+04
2.421902418266370660e+04
2.426316120405694892e+04
2.430474686391192517e+04
2.433527475020636484e+04
2.435998336165736328e+04
2.442888269900999512e+04
2.446003484533850497e+04
2.450732927998934611e+04
2.453250744212806967e+04
2.457876869661306773e+04
2.461004567421927277e+04
2.464614894697064665e+04
2.468974742108974897e+04
2.473150978682580899e+04
2.476034957798422693e+04
2.479549090629856073e+04
2.483491688998315294e+04
2.487420996088335232e+04
2.490573335505481737e+04
2.493235310193424812e+04
2.497935133881185902e+04
2.501099457070290737e+04
2.506839363232415053e+04
2.508746811016720312e+04
2.511786405325838132e+04
2.517678457061910376e+04
2.522924511570554023e+04
2.525115036083855011e+04
2.528690024891607027e+04
2.533206006828390309e+04
2.536646834810196378e+04
2.540119351777157863e+04
2.544077474911071113e+04
2.547288408601718766e+04
2.549933221231979769e+04
2.554593509109149454e+04
2.558657860172050641e+04
2.562467930680193240e+04
2.572152362413473747e+04
2.574351887310399979e+04
2.578096228400162363e+04
2.581381153879069461e+04
2.584404580684550820e+04
2.587592420311584647e+04
2.591987985776789719e+04
2.594689166328165811e+04
2.598351227991771157e+04
2.602584254589215561e+04
2.605705710568631912e+04
2.609260908551626198e+04
2.614303161991810703e+04
2.618233116408725255e+04
2.621147997826326537e+04
2.623999726812940207e+04
2.629034815523748694e+04
2.635356006710439760e+04
2.639764681515702250e+04
2.641619419607246164e+04
2.646678480604565993e+04
2.649424773698239369e+04
2.653278290325599301e+04
2.658495216120481564e+04
2.661136489502207405e+04
2.663575356775516775e+04
2.667212359574697257e+04
2.674506658976811013e+04
2.679391033961276480e+04
2.683653448953571205e+04
2.687241427704267699e+04
2.696669774524135210e+04
2.699439695644300446e+04
2.701969026941094126e+04
2.705582074236001063e+04
2.708387146600375854e+04
2.711813303271358382e+04
2.715953499011554959e+04
2.721936245108138610e+04
2.724160229942368096e+04
2.729807681717156447e+04
2.734896948504200191e+04
2.737468775996180921e+04
2.741148707474843104e+04
2.745981336248842126e+04
2.755503462693553229e+04
2.758085857344002943e+04
2.762953406518689735e+04
2.769454771167064609e+04
2.776412860336040103e+04
2.780281838637069814e+04
2.783781566592479794e+04
2.785984426053796051e+04
2.792014397852418188e+04
2.798546508330587312e+04
2.804786742053360649e+04
2.807746480013287510e+04
2.810803928060410544e+04
2.815006798188409448e+04
2.817672128942635027e+04
2.820287833571548981e+04
2.823012027998933991e+04
2.829355876004801030e+04
2.832249696529941502e+04
2.834728748605695000e+04
2.840113223660780568e+04
2.842259976380433363e+04
2.844861457361909561e+04
2.847970701272973020e+04
2.851748840101827591e+04
2.855001767964773899e+04
2.859727595617204133e+04
2.862244239759180709e+04
2.864969071162600812e+04
2.872310706924445913e+04
2.878105204903310732e+04
2.883253800313803731e+04
2.887486017491570237e+04
2.892704682358035279e+04
2.895335469320809716e+04
2.899807579664927471e+04
2.904162285276488910e+04
2.911619585288539020e+04
2.915470204853731411e+04
2.920072554089236291e+04
2.923484856566055532e+04
2.927813943653824390e+04
2.930509594808936890e+04
2.935645174378200682e+04
2.938338360204568744e+04
2.943933964312990793e+04
2.948608777237801405e+04
2.951110936320653855e+04
2.956267129459964053e+04
2.958681143072414125e+04
2.960627920892379188e+04
2.963531923852729597e+04
2.968756086822134966e+04
2.974289664363396514e+04
2.977249307836931621e+04
2.981405459594135391e+04
2.986901005435669504e+04
2.992066668201182256e+04
2.996008810706056465e+04
3.000479777281903807e+04
3.003843844604769401e+04
3.009561461591316402e+04
3.013549444690412201e+04
3.021181294438656550e+04
3.023671384918551848e+04
3.027942731369394096e+04
3.029991363826578163e+04
3.033381530930777808e+04
3.037636552476686120e+04
3.042970612842235641e+04
3.048090722090976851e+04
3.052643393080796886e+04
3.056800904534407164e+04
3.059953647495646146e+04
3.062950605187254405e+04
3.065763681662548697e+04
3.070559888649182903e+04
3.074171689342418904e+04
3.077297921769275126e+04
3.082692628713716840e+04
3.087697976042274604e+04
3.091899563376025253e+04
3.096036215353790612e+04
3.098961785280653203e+04
3.103397992086036538e+04
3.109086721811126336e+04
3.113764688213093177e+04
3.116514623064253101e+04
3.120422039890577071e+04
3.123617800797575910e+04
3.130792120576556044e+04
3.136750608739605013e+04
3.139303846680268907e+04
3.142398429178207152e+04
3.146385398244124008e+04
3.150136193897339399e+04
3.153670359836404168e+04
3.156188000542299778e+04
3.158991469038477589e+04
3.162743770605701866e+04
3.168295493700438601e+04
3.176238148530483522e+04
3.180037636767922231e+04
3.185023442323016207e+04
3.189504581682045682e+04
3.192235642282831395e+04
3.194714312581238846e+04
3.199678203235747424e+04
3.202544027289133737e+04
3.207566814670856184e+04
3.214366007708599864e+04
3.218257068449923099e+04
3.223297157804076778e+04
3.229532422746349766e+04
3.235841669370910677e+04
3.239524709725749562e+04
3.243663329785808673e+04
3.251041852287430447e+04
3.261255564851934469e+04
3.264675607908845268e+04
3.270095465024222358e+04
3.275137065036148124e+04
3.278255638215254294e+04
3.281882847989947913e+04
3.285182827212620759e+04
3.289836349397344020e+04
3.292682888821608503e+04
3.294749709156915196e+04
3.300935484050713421e+04
3.305161167551062681e+04
3.307940245314040658e+04
3.310904239174793474e+04
3.313366706195864390e+04
3.320930953411499650e+04
3.325083748866255337e+04
3.327738222641984612e+04
3.331504578737646807e+04
3.335584714981092839e+04
3.339329367758594162e+04
3.344087123690319277e+04
3.346793066741873190e+04
3.351145162054687535e+04
3.354247095669225382e+04
3.357098901866126107e+04
3.360284708609344671e+04
3.365335093593815691e+04
3.371794167263623240e+04
3.375123257635687332e+04
3.378878963777804165e+04
3.382345175445431960e+04
3.388499206329234585e+04
3.390735660961963731e+04
3.394111343093332835e+04
3.396549881528276455e+04
3.400919002713501686e+04
3.404761324698953104e+04
3.410922844680232083e+04
3.413829143685904273e+04
3.421105893379059125e+04
3.425872886237627245e+04
3.433355498131924105e+04
3.436814703215374175e+04
3.439455520399782108e+04
3.446192777058458159e+04
3.450494300410508731e+04
3.453357541910755390e+04
3.459414530793276936e+04
3.462776968004004448e+04
3.465508319625460717e+04
3.468282707353913429e+04
3.472224371417973452e+04
3.474937004740342672e+04
3.479275854885667650e+04
3.483273517173846631e+04
3.486574987646933005e+04
3.493339277444416075e+04
3.497522532563106506e+04
3.502765605308753584e+04
3.505423515663928265e+04
3.511085477593239193e+04
3.515934074552598031e+04
3.520913642506146425e+04
3.524568712828862044e+04
3.529281649623700650e+04
3.532778281834575318e+04
3.537633198798909871e+04
3.542407068417806295e+04
3.546724308282713901e+04
3.549969182277556683e+04
3.553341286592996039e+04
3.555834679601273092e+04
3.558073343231431500e+04
3.563288856626255438e+04
3.569152493509979831e+04
3.572273285487357498e+04
3.574448771161933837e+04
3.576278982857814844e+04
3.588053895369517704e+04
3.591018064144031086e+04
3.596142373007648712e+04
3.604991213656101172e+04
3.607634576365562680e+04
3.610333010977169761e+04
3.617154951058797451e+04
3.622123475482781942e+04
3.624380345770167332e+04
3.628511280638305470e+04
3.633238592888077255e+04
3.635235589856962179e+04
3.639524247508065309e+04
3.642589714612237731e+04
3.647383131403605512e+04
3.650497692856809590e+04
3.653418081343151425e+04
3.658652009074555826e+04
3.663716197695851588e+04
3.671520347523955570e+04
3.676337182593016769e+04
3.681790968281587993e+04
3.688268552988882584e+04
3.691918420113619504e+04
3.695109543855888478e+04
3.697045389518667071e+04
3.700563197991018387e+04
3.703036713288633473e+04
3.706317973940209777e+04
3.711912895474360266e+04
3.714281073485482193e+04
3.722512251781379746e+04
3.724631144443496305e+04
3.729858776406456309e+04
3.732617920105317899e+04
3.735740342501208215e+04
3.738812296023793897e+04
3.742689426906082372e+04
3.746233154178857512e+04
3.750450998541285662e+04
3.752936063061194000e+04
3.759289402003999567e+04
3.766778844930653577e+04
3.770475259635188559e+04
3.772600923631413752e+04
3.778323797970182932e+04
3.781049099038112035e+04
3.785908164595888957e+04
3.789732377022340370e+04
3.793132069461567153e+04
3.797684880996725406e+04
3.800523609864109312e+04
3.802858457246826583e+04
3.806202587253255479e+04
3.810437866131201736e+04
3.819288285651210026e+04
3.822909438555963425e+04
3.828017099074586440e+04
3.831848105202147417e+04
3.835811185039137490e+04
3.838270955949785275e+04
3.845887876964243333e+04
3.849437668737324566e+04
3.852445242426414916e+04
3.856111938091854245e+04
3.862138029686558730e+04
3.868920535234826821e+04
3.873344458377989940e+04
3.875900358158347808e+04
3.879774877819083486e+04
3.883494818330050475e+04
3.886658567866031808e+04
3.890572088786541281e+04
3.895543943076319556e+04
3.902904551733539847e+04
3.906707721835485427e+04
3.909949997355575033e+04
3.913366775551329920e+04
3.916587800627428078e+04
3.920474409915209981e+04
3.927028902270850085e+04
3.930944823722952424e+04
3.936023582371886732e+04
3.939177268377924338e+04
3.946185081584640284e+04
3.949460928559877357e+04
3.952179213336318207e+04
3.955377573883342848e+04
3.959450272999495064e+04
3.963065894770806335e+04
3.967577329369968356e+04
3.972918349330170167e+04
3.977144833662901510e+04
3.980784671822265227e+04
3.983871338791651215e+04
3.991895798499062221e+04
3.994519761956983712e+04
3.999891182736298651e+04
4.002795585307998408e+04
4.006671133718169585e+04
4.009122122774134914e+04
4.011646091649115988e+04
4.014394125937306671e+04
4.018625380347039027e+04
4.021371533671132784e+04
4.025038655414254754e+04
4.026748330341565452e+04
4.031171578245086130e+04
4.035290223402078118e+04
4.038155098143887881e+04
4.045377313201379729e+04
4.049131921993937431e+04
4.055273610441366327e+04
4.061256951340646629e+04
4.065058431363323325e+04
4.068793529228840634e+04
4.072046593107867375e+04
4.076108058973695734e+04
4.080088913823561597e+04
4.087214610231600091e+04
4.092053432381574385e+04
4.098346107988246513e+04
4.101357628260555066e+04
4.110642024108155601e+04
4.113543564619764948e+04
4.116526924506452633e+04
4.120500850428993726e+04
4.123300934485946345e+04
4.127127062648301944e+04
4.130711217387799843e+04
4.133577830536504189e+04
4.137225636703841883e+04
4.142972618082496047e+04
