8.875979394854813620e+01
1.826820200008374968e+02
2.768997561987678182e+02
3.164614195221004138e+02
3.925902741990506684e+02
4.516348633822877332e+02
5.029858387380103864e+02
5.640668589218443003e+02
6.132108544863276620e+02
6.763539587597563241e+02
7.505420939012564077e+02
8.346625564819978536e+02
9.380645553901307494e+02
9.969898609049969309e+02
1.061677039413150169e+03
1.157908972603820985e+03
1.207536434302806811e+03
1.241939590447929277e+03
1.305112622439605047e+03
1.382913683086072751e+03
1.431579217318348128e+03
1.478779504086845918e+03
1.557753068552293826e+03
1.655479734376210899e+03
1.702100966232212841e+03
1.744869305303579722e+03
1.808292912575739365e+03
1.848266744750148291e+03
1.890918940769391384e+03
1.931872192161677503e+03
2.000756964831507275e+03
2.057461284946462456e+03
2.087723034384259336e+03
2.128909126023081626e+03
2.179079658461224426e+03
2.212727663339032460e+03
2.292422635603207709e+03
2.351107508653803052e+03
2.425085961326612505e+03
2.493639193054958469e+03
2.575882991515586127e+03
2.643601246930133584e+03
2.695561885021828857e+03
2.812879758353262332e+03
2.866599897396111828e+03
2.899417503641442636e+03
3.011223399979231090e+03
3.075929495823294019e+03
3.174284986974751519e+03
3.214703213308532668e+03
3.286718217315534730e+03
3.336066088022381791e+03
3.419699698202904983e+03
3.459179685656300990e+03
3.491875124135198348e+03
3.541314725684880614e+03
3.607716950584685492e+03
3.653077120253577959e+03
3.689974800949847577e+03
3.738442070071316266e+03
3.799832431232782710e+03
3.855321209957930478e+03
3.888701719092262010e+03
3.925738681108850415e+03
3.997576075961366314e+03
4.060003712175252076e+03
4.140634986758562263e+03
4.184861154818860086e+03
4.248735552272634777e+03
4.290282062833964119e+03
4.357525743586446879e+03
4.413639255418688663e+03
4.472245264908668105e+03
4.530331606993320747e+03
4.587076121093872644e+03
4.641137916732858685e+03
4.692583637695748621e+03
4.741418706654084417e+03
4.808456388072183472e+03
4.880680520823508232e+03
4.909722790958847327e+03
4.966537729789793048e+03
4.997994679236607226e+03
5.042674191918780707e+03
5.099071286751558546e+03
5.157984435795195168e+03
5.232702348860874736e+03
5.290244515848253286e+03
5.380475981773972308e+03
5.463774718056654820e+03
5.510964604764402793e+03
5.547045021849239674e+03
5.638997009998237445e+03
5.691911030173834661e+03
5.775947754002028887e+03
5.823329066366371990e+03
5.870626327073712673e+03
5.959886868249554027e+03
6.026819714908803689e+03
6.083689571703021102e+03
6.124935970051301410e+03
6.203579482318536975e+03
6.266807613474561549e+03
6.302586977750528604e+03
6.347386922976959795e+03
6.384759320422644123e+03
6.444076727217197003e+03
6.517264420019675526e+03
6.558465567796545656e+03
6.622919865304033010e+03
6.670338464350277718e+03
6.724288223459731853e+03
6.774057554598974093e+03
6.864159880364416495e+03
6.894163072615064266e+03
6.948223357059318914e+03
7.027055555556605213e+03
7.090816026271420014e+03
7.132030331052244037e+03
7.229364979841496279e+03
7.305648433604540514e+03
7.343386959429098169e+03
7.399661303731485532e+03
7.466864073798360550e+03
7.523266228379022323e+03
7.605665793744555231e+03
7.669163796007633209e+03
7.722547822687110965e+03
7.765748283874007029e+03
7.850019034316195757e+03
7.924065997679715110e+03
7.966404872556663577e+03
8.025774714078051147e+03
8.120800578233236592e+03
8.192747379686614295e+03
8.245765340678310167e+03
8.299333730572267086e+03
8.390899068385717328e+03
8.477050505744469774e+03
8.556614488110715683e+03
8.604483593550290607e+03
8.653213011316551274e+03
8.718360776274370437e+03
8.762347796300409755e+03
8.830504763469551108e+03
8.926545600653391375e+03
8.994465746017753190e+03
9.081039827846072512e+03
9.119799918931090360e+03
9.159840456417878158e+03
9.200550313373230892e+03
9.279595694412564626e+03
9.357030578133289964e+03
9.417049546281365110e+03
9.463698594138842964e+03
9.502672896617346851e+03
9.569848239591845413e+03
9.635364671652836478e+03
9.686826508226913575e+03
9.759788857306239152e+03
9.801107950169771357e+03
9.861049969203295404e+03
9.938362037660950591e+03
9.984342715470649637e+03
1.002344656473972827e+04
1.006138716260510046e+04
1.010687284328132591e+04
1.014761737073426048e+04
1.020355820192224382e+04
1.026901541488720977e+04
1.032408894728575251e+04
1.035313950843097518e+04
1.040849129537131557e+04
1.048179468279042339e+04
1.052769417512545442e+04
1.058175352988958184e+04
1.062640792821341893e+04
1.071280046039412809e+04
1.076609534305447960e+04
1.080392051066202839e+04
1.087040341034526864e+04
1.090949297432605272e+04
1.098339571016955779e+04
1.105429000560099848e+04
1.111761399683750096e+04
1.116980226502724145e+04
1.122595530261852946e+04
1.128133004674591757e+04
1.134309598418839232e+04
1.137604216105980231e+04
1.143348838000206160e+04
1.148721316433613902e+04
1.153522048023063144e+04
1.161691434861750713e+04
1.168543329866514978e+04
1.172484479743473275e+04
1.177973597063946909e+04
1.183198741027693359e+04
1.189300685296578013e+04
1.196318301511724712e+04
1.202417080713061478e+04
1.208475456155449683e+04
1.219031050769087415e+04
1.223620244174203071e+04
1.227439205908532495e+04
1.231083964802275659e+04
1.236919178204141099e+04
1.244493384706308825e+04
1.251710671669079238e+04
1.259598759525459354e+04
1.267395828564171825e+04
1.272493225986455036e+04
1.278247380243619955e+04
1.282818837414680092e+04
1.289953605136499391e+04
1.293571406935818413e+04
1.300339952436084241e+04
1.306139847111268136e+04
1.313424122961682406e+04
1.318163713164612818e+04
1.322507315638820182e+04
1.329210470669206006e+04
1.338121799321780964e+04
1.346270911095160409e+04
1.350639670312431554e+04
1.356359447265511153e+04
1.358703301312621261e+04
1.365026282685980186e+04
1.372107266226062347e+04
1.379943981249618628e+04
1.385504287472345277e+04
1.392678385484376668e+04
1.397848110033044213e+04
1.404453495215975272e+04
1.409967443642256876e+04
1.415200614471462904e+04
1.421752486593512185e+04
1.425343101415471210e+04
1.430117059451595196e+04
1.439133310950701343e+04
1.448704837019196748e+04
1.455535041337580878e+04
1.459661156481017679e+04
1.463437448101375594e+04
1.469665441104228012e+04
1.473071250193222659e+04
1.478151560052882814e+04
1.483150689736258573e+04
1.488779679787111490e+04
1.492297274104804455e+04
1.503174213118373882e+04
1.511557549261448912e+04
1.517906850792933801e+04
1.523138819077118933e+04
1.528612268157281505e+04
1.532058263177684057e+04
1.539757078206653750e+04
1.548104405947827036e+04
1.553549199958512327e+04
1.559747161481884177e+04
1.564190724408061396e+04
1.568877616383034911e+04
1.573674735001336740e+04
1.581720889167340647e+04
1.586613968328071496e+04
1.593069414277299074e+04
1.597438184533474305e+04
1.603595097368123243e+04
1.608177551082954051e+04
1.612110634937992108e+04
1.617799366688998816e+04
1.626016358686255444e+04
1.629728554745437214e+04
1.633251501235716569e+04
1.639995421672015436e+04
1.645847043789228337e+04
1.651758194711388569e+04
1.657441901395659079e+04
1.664953764039106318e+04
1.672711151103696466e+04
1.683018986716844665e+04
1.688548065112262339e+04
1.693024926355906064e+04
1.698074319797928911e+04
1.708119015934016352e+04
1.712677226269484891e+04
1.717902314617995216e+04
1.724019739043583104e+04
1.729257326356765770e+04
1.732607662295043701e+04
1.736930228629487465e+04
1.743525153398650582e+04
1.747246142851915283e+04
1.753084738304320490e+04
1.758952618977179372e+04
1.763843927939551941e+04
1.767980754552033613e+04
1.773047780043994499e+04
1.781159366854212203e+04
1.785938136861530438e+04
1.791581603935360909e+04
1.799081804980234665e+04
1.807332694906407050e+04
1.812019331916964438e+04
1.823056964511672777e+04
1.826277570346040011e+04
1.831249991697757650e+04
1.835820217542452883e+04
1.848422077394374355e+04
1.856584903494206446e+04
1.863412422935202267e+04
1.869996249437114238e+04
1.875062256032422010e+04
1.883634421630651923e+04
1.890904687191949051e+04
1.898699092672388724e+04
1.909455268818867262e+04
1.915480993651481549e+04
1.920118193593464457e+04
1.923296887586663070e+04
1.932229834251202192e+04
1.936721635654788042e+04
1.944938578427812899e+04
1.948750853084003757e+04
1.956201637511027729e+04
1.959494390472223677e+04
1.964014305020159009e+04
1.968059304035760942e+04
1.974805723533839409e+04
1.981111977059425772e+04
1.986907463251593435e+04
1.993594060236850055e+04
1.998848852940966754e+04
2.006607379180608041e+04
2.011361367041895937e+04
2.015389351330677528e+04
2.018555125822613627e+04
2.023784122371355261e+04
2.030634049255193895e+04
2.041468310606847808e+04
2.046151738486896647e+04
2.054841966311197029e+04
2.059542293634347880e+04
2.065092790673545096e+04
2.071459148980596729e+04
2.077741906516627569e+04
2.081846544826248646e+04
2.090805623125714192e+04
2.100316543503183129e+04
2.105136626865854851e+04
2.113687390084539948e+04
2.119211059800012663e+04
2.125246115609356275e+04
2.136295916454397229e+04
2.141067539125782787e+04
2.144556801698727213e+04
2.154633630941962474e+04
2.161641180953539151e+04
2.166615055256534106e+04
2.172234689033024551e+04
2.175101406381208653e+04
2.180915274958415102e+04
2.185697525457379379e+04
2.191918900427734843e+04
2.197658508976399753e+04
2.201916193367820961e+04
2.206824325771729127e+04
2.211666895484999986e+04
2.219028268358925561e+04
2.225898251925559816e+04
2.230017483873549281e+04
2.234869734712709032e+04
2.242484490776310486e+04
2.247474084479326484e+04
2.250606922406245576e+04
2.255653067339606787e+04
2.263961488795892001e+04
2.267877252570986821e+04
2.275888394201800111e+04
2.285171941110973421e+04
2.293261889125098969e+04
2.301714334166599656e+04
2.311131428800056892e+04
2.315620743122669592e+04
2.320870843569538192e+04
2.325359081238057115e+04
2.329637754014188249e+04
2.334490324497060647e+04
2.339223195868083712e+04
2.344777572442828750e+04
2.352138674979452480e+04
2.356936454515225341e+04
2.365289898445331710e+04
2.368336138113041670e+04
2.374560657577513120e+04
2.378703783849233150e+04
2.383407128157533589e+04
2.388388886564336281e+04
2.394055397705412906e+04
2.400273456134782828e+04
2.405699394805329939e+04
2.411992932679161095e+04
2.416486506238669972e+04
2.422191783398860935e+04
2.429612141677828185e+04
2.434549482701002125e+04
2.439716596706098062e+04
2.447570967526440654e+04
2.450943175871712810e+04
2.457340023463864782e+04
2.465928529980815438e+04
2.472393829640083277e+04
2.477650746997180613e+04
2.487835977369229659e+04
2.490800785817596989e+04
2.494192886209756762e+04
2.502294578105895562e+04
2.508417152831349085e+04
2.512991800641281952e+04
2.518166500995306706e+04
2.525871464979326265e+04
2.529912830289467820e+04
2.534909567439379316e+04
2.544728268049643157e+04
2.548372888972483997e+04
2.559502153656511291e+04
2.564184302914872751e+04
2.568889510431401504e+04
2.574515516815409865e+04
2.577617808356096430e+04
2.586058267344293563e+04
2.589078085600845588e+04
2.594007091362703432e+04
2.598462789505986075e+04
2.604316457244942649e+04
2.607677422136545647e+04
2.614705379392611212e+04
2.618509232483303640e+04
2.621585687410052924e+04
2.627782041741927969e+04
2.636721003020431453e+04
2.647078934441668389e+04
2.652226807881463174e+04
2.656064435337541363e+04
2.666963518336996276e+04
2.670948666437228894e+04
2.676070083239828455e+04
2.685894937488737560e+04
2.691020418338905438e+04
2.694948158192425763e+04
2.698554677316152811e+04
2.707418573716353058e+04
2.713131074161842480e+04
2.717155252503920201e+04
2.726144197789029204e+04
2.734735378699739158e+04
2.741243400105905675e+04
2.748508793735154177e+04
2.753394546929830540e+04
2.758362646664704880e+04
2.764481971852387869e+04
2.771961293365807069e+04
2.776922599555303168e+04
2.780665202225489338e+04
2.785748787253101909e+04
2.788906941281400213e+04
2.793805163290837663e+04
2.803172910951727317e+04
2.808190164458017171e+04
2.811718180613591903e+04
2.820120578927997121e+04
2.826073573169273368e+04
2.833081891035457375e+04
2.838729147454998019e+04
2.844242534704350328e+04
2.850094003832482122e+04
2.859492267889846335e+04
2.866122737802319170e+04
2.870506647061928015e+04
2.877185230529484397e+04
2.883956640088002314e+04
2.890173420859376347e+04
2.894507961997439998e+04
2.900923743927283431e+04
2.907725877459809999e+04
2.911309210380042714e+04
2.921162016069611855e+04
2.924556190316252832e+04
2.928098325212222335e+04
2.933291911644198626e+04
2.939141467305623883e+04
2.945048521233189604e+04
2.955172899665949080e+04
2.962894265479219757e+04
2.967803472478641197e+04
2.973810378746433344e+04
2.978525523503214936e+04
2.981970911453820736e+04
2.991157184103840336e+04
2.993765545966403442e+04
2.996472674410861509e+04
3.000901151534662495e+04
3.005503596319549615e+04
3.014458967743305402e+04
3.019779253177290593e+04
3.026198631594867038e+04
3.031291902159281744e+04
3.036539178713310685e+04
3.044313070987613901e+04
3.047287815222384233e+04
3.051524984752285673e+04
3.057259807907077629e+04
3.067788055267035816e+04
3.072597726915571184e+04
3.078744091786560602e+04
3.092353800873158616e+04
3.094952430120058125e+04
3.102148386679136456e+04
3.105761287731319680e+04
3.111071479160703529e+04
3.114343717497507168e+04
3.119011798811446715e+04
3.125961517785501201e+04
3.128994673002980562e+04
3.137098922713718275e+04
3.143897127880508197e+04
3.149666713011843967e+04
3.154156922453083826e+04
3.157391330433690382e+04
3.162610429991683486e+04
3.165070023120563928e+04
3.170363037962117960e+04
3.175953362326242859e+04
3.182846010151747760e+04
3.186717489935187041e+04
3.192270907719968818e+04
3.196050002754902016e+04
3.199492676657909760e+04
3.204139764652914528e+04
3.208581416364576580e+04
3.217144016391755576e+04
3.220575557227953686e+04
3.228492076826794437e+04
3.234289078493706256e+04
3.240790830108644877e+04
3.245843446522622253e+04
3.255181776185393028e+04
3.259384569640300106e+04
3.263352362031257871e+04
3.269851704099766721e+04
3.278449987057346880e+04
3.281860539082360629e+04
3.289807810323182639e+04
3.295362626832008391e+04
3.301039377506770688e+04
3.304448115641368349e+04
3.307739331186715572e+04
3.311479617335923103e+04
3.315215694752632407e+04
3.319850703945751593e+04
3.325134960215748288e+04
3.329323536147029517e+04
3.333767545655483264e+04
3.337070323374110740e+04
3.346384932163490885e+04
3.351213323336879694e+04
3.356480738694366300e+04
3.363818113207787246e+04
3.367060269655798766e+04
3.372092632769071497e+04
3.376162500645610999e+04
3.380077143298260489e+04
3.388689350940838631e+04
3.394660723423986929e+04
3.399518669176271214e+04
3.404718167110279319e+04
3.410180940339894005e+04
3.413971019343605440e+04
3.417267816225977003e+04
3.422397230474452954e+04
3.426849428012131102e+04
3.435012339664539468e+04
3.441040328280203539e+04
3.444880976653805556e+04
3.451335181017635477e+04
3.457505582765295549e+04
3.463449517625192675e+04
3.470801211856202281e+04
3.477100022017100127e+04
3.480345705209502921e+04
3.485721000544635172e+04
3.492556268543531769e+04
3.497345187458171131e+04
3.506219268407914933e+04
3.514414886846833542e+04
3.518356859779520892e+04
3.528346414547530003e+04
3.534011553861959692e+04
3.544671813662866043e+04
3.555915394685188949e+04
3.562160465531313093e+04
3.566475587011566677e+04
3.571054481055531505e+04
3.574892165253256826e+04
3.581212250577685336e+04
3.589435403041100653e+04
3.594004986362413183e+04
3.602693099062778492e+04
3.611791300287581544e+04
3.614752439932918787e+04
3.623414399282691011e+04
3.628733776824555389e+04
3.634920853153939970e+04
3.639808369938509713e+04
3.643105396222003765e+04
3.647884309977799421e+04
3.652679369319740363e+04
3.658551478613492509e+04
3.665320033683834481e+04
3.671449388546595583e+04
3.679605978031569248e+04
3.686858476425896515e+04
3.691999858523168223e+04
3.697373016236627882e+04
3.700728055147816485e+04
3.709286418140765454e+04
3.715838103777262586e+04
3.721534228656534106e+04
3.725568032000616950e+04
3.734504397667059675e+04
3.740939819422409346e+04
3.747696578094521101e+04
3.751757546423673193e+04
3.760170538259531895e+04
3.765630695418376126e+04
3.774217579138673318e+04
3.778922323393597617e+04
3.785010854440414550e+04
3.789975023159275588e+04
3.793785465097614360e+04
3.798628430497922818e+04
3.802083687088040460e+04
3.808309856669660803e+04
3.814749522157142201e+04
3.822791092347351514e+04
3.827919842752818658e+04
3.835542035406854120e+04
3.841317736581831559e+04
3.849201038332691678e+04
3.855028218607835151e+04
3.864214320410261280e+04
3.868505675688674819e+04
3.876321855084586423e+04
3.879842228874497232e+04
3.883243513386617997e+04
3.890730479605388246e+04
3.895376543258242600e+04
3.905001608873568330e+04
3.907242435505648609e+04
3.913649612730506487e+04
3.920047475253905577e+04
3.926304141595201509e+04
3.930049500009048643e+04
3.933857618236099370e+04
3.937284090221907536e+04
3.946027752577794308e+04
3.949733621932243113e+04
3.955154525038216525e+04
3.962523820563303889e+04
3.968698917299116147e+04
3.971384200368811435e+04
3.979869068864477595e+04
3.988232249032887194e+04
3.992338423945420072e+04
3.995964706979881157e+04
4.000640276854093099e+04
4.006139831623755890e+04
4.016229499603521253e+04
4.022802815484451276e+04
4.032683829583839542e+04
4.035731408852323511e+04
4.046729163242996583e+04
4.052503298569082108e+04
4.057629354620363301e+04
4.063255064550331736e+04
4.067035385718533507e+04
4.071575074903587665e+04
4.075677828961600608e+04
4.081122492030196008e+04
4.087957392182348849e+04
4.094014536417121417e+04
4.098421971236049285e+04
4.104369845982977859e+04
4.112463937206804258e+04
4.118339454318782373e+04
4.124606785094712541e+04
4.130805467728429358e+04
4.138593506879900815e+04
4.150948485553032515e+04
4.160796160019192757e+04
4.164097260740304046e+04
4.170200332647694449e+04
4.173906159618208767e+04
4.179897353385621682e+04
4.183222418588018627e+04
4.189956970360541163e+04
4.195998327361664269e+04
4.203463405846485693e+04
4.208188547953316447e+04
4.213394459849200939e+04
4.216705177524952887e+04
4.223890107630559214e+04
4.230308833873373078e+04
4.240069752333231008e+04
4.245121510073630634e+04
4.255066688853919914e+04
4.261868959071589779e+04
4.270520144277718646e+04
4.275081412871108478e+04
4.281029008038541360e+04
4.288420246014408622e+04
4.292961289127859345e+04
4.296681370448631060e+04
4.302673661122020712e+04
4.308285293432702019e+04
4.312408533540269127e+04
4.317181773054232326e+04
4.323096503222029423e+04
4.327774245080617402e+04
4.334401739939579420e+04
4.345600484042571043e+04
4.359111184308084921e+04
4.364125111710298370e+04
4.367443461675891740e+04
4.376632969654092449e+04
4.382717133680072584e+04
4.389422312354887254e+04
4.398640142691614892e+04
4.407302319285550766e+04
4.413179631050398893e+04
4.418959383233347762e+04
4.426756892900668026e+04
4.432408111209906201e+04
4.441277181795119395e+04
4.446168534027259011e+04
4.450484454820454994e+04
4.457607493647599040e+04
4.467015805182258191e+04
4.469871163275701838e+04
4.477701497611061495e+04
4.481673265734172310e+04
4.484307074835023377e+04
4.491717769558248256e+04
4.498785654228818748e+04
4.504513957003335963e+04
4.507554682073321601e+04
4.511281648001462599e+04
4.516989207090246055e+04
4.523551803853307501e+04
4.526929015295246791e+04
4.534726025241000025e+04
4.544413624325596902e+04
4.547480355827064341e+04
4.553578557581056521e+04
4.559880469616299524e+04
4.565255658519421559e+04
4.571460741546634381e+04
4.578420396884003276e+04
4.584187870011090854e+04
4.589616298407244904e+04
4.595927374926846824e+04
4.600938024736262741e+04
4.607547492336321739e+04
4.613453007153983344e+04
4.618312327125792217e+04
4.628047882497002865e+04
4.635605840871951659e+04
4.639671678699292534e+04
4.643403431560275203e+04
4.647263716561800538e+04
4.653914747781622282e+04
4.660261093131415691e+04
4.665682199902583670e+04
4.673059888863834931e+04
4.678853318593101721e+04
4.684022755477746250e+04
4.691323297091434506e+04
4.697303999465976085e+04
4.704063435386027413e+04
4.708663225667645747e+04
4.713054932760366501e+04
4.716528749583460012e+04
4.721584265893558040e+04
4.729364807342681888e+04
4.733958014605282369e+04
4.737890241370263539e+04
4.740803555007422983e+04
4.748632081860865583e+04
4.751977449590284232e+04
4.756593934436402196e+04
4.760606242229522468e+04
4.767731363165500807e+04
4.771604981661582133e+04
4.777574114629684482e+04
4.781452157386425097e+04
4.788007206290613976e+04
4.796804134264572349e+04
4.801173282700584969e+04
4.807081820297790546e+04
4.811245611561711121e+04
4.819379932541424205e+04
4.827461475549092575e+04
4.832184376730917575e+04
4.836643508907788055e+04
4.841686639809505868e+04
4.847660144070342358e+04
4.852800067742071406e+04
4.859019474061467918e+04
4.864250295127738354e+04
4.867579348179369845e+04
4.870826833672330395e+04
4.874312404310980492e+04
4.880760889232347108e+04
4.886142270432498481e+04
4.893895769756835944e+04
4.900047600279573817e+04
4.905370897784802946e+04
4.911475161727875093e+04
4.917791561981994164e+04
4.921000928297402425e+04
4.926670309633281431e+04
4.932098074496640766e+04
4.941820057496821391e+04
4.948220198231733229e+04
4.954490792338619212e+04
4.958613299975202972e+04
4.964203678456319176e+04
4.970223545944671787e+04
4.977594810753044294e+04
4.980538831915917399e+04
4.986806274777213548e+04
4.992696339607787377e+04
4.996852795039920602e+04
5.001278033028948994e+04
5.005632797694011242e+04
5.012058315183929517e+04
5.016960247992068616e+04
5.024841610512682382e+04
5.028014932842389680e+04
5.032553475607827568e+04
5.037604175709423725e+04
5.042681602624202787e+04
5.051529069394983526e+04
5.058551085396260896e+04
5.068009300974734651e+04
5.074502740187604650e+04
5.082478604594399076e+04
5.087948494889706490e+04
5.092457651615149371e+04
5.097461309223931312e+04
5.103533818427460210e+04
5.107113301626685279e+04
5.116258205094328150e+04
5.127352264026670309e+04
5.130075469382385199e+04
5.136909965990117053e+04
5.141937079973016807e+04
5.152295200455764279e+04
5.157378900164681545e+04
5.163623102245182235e+04
5.171485143814830371e+04
5.178820702273638017e+04
5.183518962440708128e+04
5.188464214945674757e+04
5.195547832605505391e+04
5.203332856991985318e+04
5.209191898483028490e+04
5.217805926837764127e+04
5.221492591886339505e+04
5.226268929032287997e+04
5.230429379038586194e+04
5.235825692511236412e+04
5.242104585734152352e+04
5.249751820309543837e+04
5.254630615186163050e+04
5.259068145511184412e+04
5.266810603370991157e+04
5.270100460119188938e+04
5.274353126461677311e+04
5.283243401919643657e+04
5.287015519170802145e+04
5.297432680560090375e+04
5.304752470055753656e+04
5.311765871297730337e+04
5.319748003003014310e+04
5.326593495965423790e+04
5.334215673194663395e+04
5.337900802987276984e+04
5.346172835952143214e+04
5.351673800227768515e+04
5.357244197842637368e+04
5.363833706716482993e+04
5.370082710470809980e+04
5.384534840022977005e+04
5.391237596542586834e+04
5.399981806733166741e+04
5.407738811988300586e+04
5.411538223577384633e+04
5.418517371857327089e+04
5.422056984554918745e+04
5.427306677933392348e+04
5.434263518876917078e+04
5.438335450567100634e+04
5.446075241083315632e+04
5.451048756948130176e+04
5.458710723670698644e+04
5.461773819678604923e+04
5.465308468531887775e+04
5.470562014408523828e+04
5.476281057636338664e+04
5.484144452487205126e+04
5.490078358635750192e+04
5.494175462294944737e+04
5.502732345890286524e+04
5.508359474097799830e+04
5.517814758894287661e+04
5.522729551253245882e+04
5.527600491874110594e+04
5.534046504992257542e+04
5.538882711937250133e+04
5.541394538706981984e+04
5.545791911854809587e+04
5.550495552130066790e+04
5.554804547304459993e+04
5.557635301010326657e+04
5.564861372958510765e+04
5.567808112027347670e+04
5.572726305594797304e+04
5.583895054407089629e+04
5.590621565714685130e+04
5.600228084374203172e+04
5.605291045892125112e+04
5.610083132337690040e+04
5.616071755128496443e+04
5.626925415155283554e+04
5.631841986053598521e+04
5.634932961089997843e+04
5.638538598572471528e+04
5.648928707930209202e+04
5.653648795485789014e+04
5.657902602231871424e+04
5.663472492869623238e+04
5.669993025347522052e+04
5.677510075717345899e+04
5.683047905535958125e+04
5.686858055056917510e+04
5.692548126253896044e+04
5.698106754442330566e+04
5.703220264096251776e+04
5.707011631925938855e+04
5.709668761156168330e+04
5.714497758055402664e+04
5.724896840145455644e+04
5.730425507243673928e+04
5.736406627727303567e+04
5.741382546168303088e+04
5.747381824103937106e+04
5.756386982964512572e+04
5.759318725154123240e+04
5.763191655396257556e+04
5.769711501603803481e+04
5.774087560645746998e+04
5.783737455565926211e+04
5.789421968700207799e+04
5.793814838995241007e+04
5.801004274509510287e+04
5.808370830920972367e+04
5.811709420531873911e+04
5.819528626598577102e+04
5.824390121063910192e+04
5.829435929157563805e+04
5.833145025882999471e+04
5.839320485361554165e+04
5.844012479780420836e+04
5.849177638680264499e+04
5.855863193017392041e+04
5.865360616374261735e+04
5.869350503556942567e+04
5.875102222532904852e+04
5.878434460644763749e+04
5.886532216546623386e+04
5.893840507923684345e+04
5.901731414388619305e+04
5.910980202752810146e+04
5.917048283993049699e+04
5.922589805853553844e+04
5.925238351096339466e+04
5.929600774440048554e+04
5.938723579993069143e+04
5.948821606859414896e+04
