1.249099156166204665e+02
2.368535402717555485e+02
3.497973346601673938e+02
4.632476978057370047e+02
5.716146420768122880e+02
6.873769207492686064e+02
7.999010525754508762e+02
9.102370860899725358e+02
1.023633331150615277e+03
1.135760974848115893e+03
1.242692849383404564e+03
1.381726451220819854e+03
1.529591805494381788e+03
1.664035776951889375e+03
1.773816099142557505e+03
1.886507497974863099e+03
1.994163910344619808e+03
2.105353775275977569e+03
2.226600477019938808e+03
2.352569259374481135e+03
2.473769546136958070e+03
2.584997891943122340e+03
2.694754617018918452e+03
2.809811473667671635e+03
2.921294863457811516e+03
3.030859650952751053e+03
3.139801328184510112e+03
3.250778994833904108e+03
3.365561435920682925e+03
3.477393601946481340e+03
3.588745293183877948e+03
3.698289640592162414e+03
3.809710535651690861e+03
3.922223418668363138e+03
4.033415752094317213e+03
4.171474351753972769e+03
4.284364828182769088e+03
4.396048321648176170e+03
4.508000664010908622e+03
4.615365845236745372e+03
4.746875893282636753e+03
4.857648339400316218e+03
4.968325060020236378e+03
5.081164949479855750e+03
5.183325525064960857e+03
5.294650098550126131e+03
5.408202517556663224e+03
5.525810168159928253e+03
5.627636728124935871e+03
5.735680800733330216e+03
5.845253963704450143e+03
5.953262104675355658e+03
6.066213515867370006e+03
6.173462593598901549e+03
6.287246433008726854e+03
6.397964957749145469e+03
6.508980649112786523e+03
6.616364641601093354e+03
6.728616183869086854e+03
6.840321982608104008e+03
6.950415309825981240e+03
7.063211793294767631e+03
7.176541178529490935e+03
7.289203722695185206e+03
7.400607130434034843e+03
7.509732156169423433e+03
7.623047344783223707e+03
7.739269462446511170e+03
7.845044772612115594e+03
7.949378367107214217e+03
8.058930922194430423e+03
8.169951734811314054e+03
8.278759835982849836e+03
8.406157153468922843e+03
8.521605407382694466e+03
8.626768832910513083e+03
8.747011790247557656e+03
8.858868145559601544e+03
8.991425542924593174e+03
9.097596056168729774e+03
9.204410463538750264e+03
9.318085366074121339e+03
9.427970769006496994e+03
9.532925541031465400e+03
9.641225204699680035e+03
9.750539636901103222e+03
9.853739062688306149e+03
9.964356033424412090e+03
1.007602600601957965e+04
1.018242562418096350e+04
1.029434844094561777e+04
1.040546824352856675e+04
1.051964878683844654e+04
1.063291721469237382e+04
1.074542761255971709e+04
1.085717865803709719e+04
1.096468100040067657e+04
1.107087570883067565e+04
1.117875674861737025e+04
1.129509774895251212e+04
1.140620644384590378e+04
1.151171602526563947e+04
1.162323097142303050e+04
1.173254746773979969e+04
1.184812446674273087e+04
1.197269193167082449e+04
1.207919860729793254e+04
1.219203605694405269e+04
1.230511409931288108e+04
1.241609879564547009e+04
1.252173543949127088e+04
1.262788515054952950e+04
1.273995659070422334e+04
1.285752099018075933e+04
1.296333074876436694e+04
1.307552406690128919e+04
1.318052632313908362e+04
1.329599321413046528e+04
1.340970581221200518e+04
1.352133158651739359e+04
1.363185193897624231e+04
1.373360406981458982e+04
1.383946717280948724e+04
1.395256799598862744e+04
1.406096594322043893e+04
1.417277371500829940e+04
1.427730365887867265e+04
1.439372401670334511e+04
1.449716373034471508e+04
1.460479016513090573e+04
1.471670173561298907e+04
1.483176067283065458e+04
1.493728596609283522e+04
1.505199327599788376e+04
1.516173518695474195e+04
1.527209691253784877e+04
1.538742751694005892e+04
1.549146511610888410e+04
1.560120344904814192e+04
1.571156382332242902e+04
1.582204293832227449e+04
1.593456695752781343e+04
1.604519490359041811e+04
1.615175661163052973e+04
1.626090405324710264e+04
1.637482179965642536e+04
1.649451599563605851e+04
1.660108466280851280e+04
1.671086256489712832e+04
1.682937024511728305e+04
1.693605438313913692e+04
1.704160723668460560e+04
1.714921460001992455e+04
1.725658952903974568e+04
1.736702750638732323e+04
1.749563094177388120e+04
1.760457430090373600e+04
1.772116237737704068e+04
1.783266806677691784e+04
1.793998999072233710e+04
1.804669255928617713e+04
1.815717686525244062e+04
1.826585533310865139e+04
1.837733400558645008e+04
1.848638374744207977e+04
1.859958854146361773e+04
1.870743376100184832e+04
1.881792944725566849e+04
1.892569506470477063e+04
1.903393881685670203e+04
1.914097453460683755e+04
1.925266430672698698e+04
1.936010345833424435e+04
1.947044877681113576e+04
1.958043390304892455e+04
1.968672529690466399e+04
1.979983023413304909e+04
1.990859045839368991e+04
2.002482206462833710e+04
2.013710018811625196e+04
2.024732771430286084e+04
2.035771306077500412e+04
2.046404629218183618e+04
2.057425990360466676e+04
2.068632389322753443e+04
2.079724442429949340e+04
2.090237230803560669e+04
2.101290287455626094e+04
2.112410584601950541e+04
2.125390255603766127e+04
2.136514624884271325e+04
2.147741845394607299e+04
2.158459522282870967e+04
2.169325321147534487e+04
2.180300506669214519e+04
2.190989155597241552e+04
2.202116495174143711e+04
2.213510985678216821e+04
2.224093690975488789e+04
2.235309962120309137e+04
2.246585220537699570e+04
2.258096436310965146e+04
2.268912851235989001e+04
2.279726445452702319e+04
2.291102927022161384e+04
2.302787160476759527e+04
2.314019988173735328e+04
2.325862335872553740e+04
2.336966264056690125e+04
2.348418123124341582e+04
2.359443401770346100e+04
2.370460400924133137e+04
2.381091943597773570e+04
2.393017933336919668e+04
2.404291988823404608e+04
2.415839599429003647e+04
2.426880945512775725e+04
2.438017499514742303e+04
2.448691544925745256e+04
2.460259726822914308e+04
2.471348798304825323e+04
2.482720533942538532e+04
2.493436931685032323e+04
2.503858039121026741e+04
2.514261775086479611e+04
2.526117848076315931e+04
2.536567185261401028e+04
2.547567952761175184e+04
2.558833928630791343e+04
2.569098584601751281e+04
2.579517894508778772e+04
2.590486639070453384e+04
2.601281320594172939e+04
2.612495089787654433e+04
2.622694689939921227e+04
2.633310621195362182e+04
2.644543924947541018e+04
2.655120576013338359e+04
2.665751634470106364e+04
2.676175056673791914e+04
2.686889111126769421e+04
2.697651131474713475e+04
2.708558043095323956e+04
2.719813938208284162e+04
2.730753347482528989e+04
2.742037314924208113e+04
2.753239253606521015e+04
2.764565175832521709e+04
2.775055473898192213e+04
2.786502719296957730e+04
2.797101632879423050e+04
2.808279422345259809e+04
2.819287682423784281e+04
2.829854729860709995e+04
2.841124518060394985e+04
2.851622778049337649e+04
2.862253769515796375e+04
2.872843804998145060e+04
2.883934281843814460e+04
2.894845011330498892e+04
2.905947098519457359e+04
2.917168290840772534e+04
2.928567972343419751e+04
2.940243220525241850e+04
2.951522549984312718e+04
2.962170762135525365e+04
2.973278965558589698e+04
2.984135571027385595e+04
2.995310093919866631e+04
3.006735738268339628e+04
3.017761809684866603e+04
3.028612771819099362e+04
3.039820318208751996e+04
3.050011400607951509e+04
3.060321387788076754e+04
3.070968469396647197e+04
3.082312711731066156e+04
3.093251394843397793e+04
3.104350793281015649e+04
3.116195719625387210e+04
3.126756015960406876e+04
3.137456433623241173e+04
3.148738124611362218e+04
3.158941830970133378e+04
3.169801684791779189e+04
3.181211129423091552e+04
3.192309402072148805e+04
3.203432014287824131e+04
3.215322001067408200e+04
3.226555097568384372e+04
3.237779234556656957e+04
3.248795971226967595e+04
3.260107570693414164e+04
3.270859951917882790e+04
3.281705039002728881e+04
3.292209908983367495e+04
3.303309832065241790e+04
3.314469995833208668e+04
3.325293720557251072e+04
3.335992942093557940e+04
3.348228840316864080e+04
3.359071683935129113e+04
3.370695263647285174e+04
3.382087997293015360e+04
3.392726122416924045e+04
3.403912493302382063e+04
3.414785900898154796e+04
3.425866655025650834e+04
3.436012157212970487e+04
3.447119343878301879e+04
3.458535130820569611e+04
3.469998007502306427e+04
3.481393475376617425e+04
3.491666284507149248e+04
3.502862663010619872e+04
3.514184274864321196e+04
3.524775219069984450e+04
3.536072369423873170e+04
3.547482826333282719e+04
3.558377294422798150e+04
3.569626972324770759e+04
3.580678201550139784e+04
3.591736962241824222e+04
3.603020219429942517e+04
3.614816515082997648e+04
3.625946309072367876e+04
3.636523410418947606e+04
3.647669443511936697e+04
3.658976729574029014e+04
3.669386231264636444e+04
3.680437284168100450e+04
3.691615394064085558e+04
3.702670364291719306e+04
3.713666315352843958e+04
3.724484467716616928e+04
3.735112468664108019e+04
3.746242241452052986e+04
3.757398688030516496e+04
3.769298999456279125e+04
3.780888347475011687e+04
3.791870476728345238e+04
3.802458628425250208e+04
3.813543125367379980e+04
3.824030777091323398e+04
3.836014132155956031e+04
3.846587184912829252e+04
3.858268253320283111e+04
3.869393186451488145e+04
3.880480646849489858e+04
3.891663004144583101e+04
3.903522974680997140e+04
3.913796008257900394e+04
3.924533821859222371e+04
3.935177574921741325e+04
3.946478579989010905e+04
3.957435639017309586e+04
3.968102871664643317e+04
3.979248915467286133e+04
3.990219239003967959e+04
4.001018994529009797e+04
4.011690537179893727e+04
4.022824917875453684e+04
4.034371945318620419e+04
4.045098017868750321e+04
4.056265599515754002e+04
4.067881562313403992e+04
4.078249104658089345e+04
4.089429555022832938e+04
4.100836590296102077e+04
4.111279115637800714e+04
4.122231916737869324e+04
4.132641054988876567e+04
4.143551702547341119e+04
4.154880344992776372e+04
4.165572397272833769e+04
4.177052911074867006e+04
4.188280355325914570e+04
4.199406905739286594e+04
4.210596538599355699e+04
4.221319129567216442e+04
4.232587325054626126e+04
4.244009796052690217e+04
4.255154693150452658e+04
4.266932675668243610e+04
4.277810461906746787e+04
4.289612810303615697e+04
4.301185302419900836e+04
4.311974944569422223e+04
4.323242187005601590e+04
4.334274343217848218e+04
4.344824530467919249e+04
4.355561138080135424e+04
4.367079710358399461e+04
4.378260626901140495e+04
4.389591758740034857e+04
4.402619252814552601e+04
4.414075078217351256e+04
4.424572583652188769e+04
4.435813830359096028e+04
4.446202988249059126e+04
4.457345441940272576e+04
4.468531143709280877e+04
4.479758144226150762e+04
4.491099249433453224e+04
4.502068643535530282e+04
4.513329385487393301e+04
4.524145641676818195e+04
4.535294657606047258e+04
4.546070972477251780e+04
4.557343518927921832e+04
4.568249510446300701e+04
4.578911920114171517e+04
4.589519105102044705e+04
4.600039278986152931e+04
4.611407433780266001e+04
4.622516334695471596e+04
4.633185585386967432e+04
4.643457269697241281e+04
4.654818852261576831e+04
4.665491317159815662e+04
4.676690051002855034e+04
4.687872941120236646e+04
4.698368864582942479e+04
4.708497338123634836e+04
4.719326349237071554e+04
4.729902433295299124e+04
4.741138813968743489e+04
4.752016052043592936e+04
4.762529598647852981e+04
4.773397330792395223e+04
4.784729595969439106e+04
4.795318754400261969e+04
4.806083765477590350e+04
4.816656082911057456e+04
4.827907142098114127e+04
4.839197658711919212e+04
4.850323574067119625e+04
4.861395870153263968e+04
4.872168074818445166e+04
4.883270854712998698e+04
4.893632558356934896e+04
4.904146871576911508e+04
4.915839874525210325e+04
4.926829444589980267e+04
4.938214146306889597e+04
4.949454535871847474e+04
4.960860306189409312e+04
4.971804819076376589e+04
4.983685958962207224e+04
4.994648165383078594e+04
5.005786305535329302e+04
5.017113133256541187e+04
5.028165956842423475e+04
5.039280306951444800e+04
5.049597031482290186e+04
5.060900833333015180e+04
5.071389043679829774e+04
5.081982611683911819e+04
5.092769578990115406e+04
5.103420752555806394e+04
5.114475020725036302e+04
5.125554880912946101e+04
5.135986058081717056e+04
5.147235037501328043e+04
5.158361991505844344e+04
5.169715015757299989e+04
5.181014047887660854e+04
5.192013630589277454e+04
5.203060438633117155e+04
5.214158973476497340e+04
5.224457320786621858e+04
5.234806917796932248e+04
5.246196035816658696e+04
5.257399895060399285e+04
5.268517062475254352e+04
5.279635984108263074e+04
5.290908668033588037e+04
5.301409257226762566e+04
5.312355927290410909e+04
5.323044788765991689e+04
5.334403161545522016e+04
5.347224397971011058e+04
5.358149301236487372e+04
5.369220313382957102e+04
5.380287349099499261e+04
5.390855665122052596e+04
5.401278219984116731e+04
5.412662453433347400e+04
5.423745150870763609e+04
5.434538264767201326e+04
5.445933352717458183e+04
5.456725890276279824e+04
5.467787077150577534e+04
5.478462174043610139e+04
5.489598938998286030e+04
5.499783515546048147e+04
5.510940401580593607e+04
5.522103681259011501e+04
5.533037246370599314e+04
5.543726349247425969e+04
5.555051557652013435e+04
5.565432605121628876e+04
5.576596537253498536e+04
5.587908601888281555e+04
5.598921613165798044e+04
5.610053974260437826e+04
5.621736341553146485e+04
5.633116185686633980e+04
5.644375232878118550e+04
5.655547194544597005e+04
5.667369788430997869e+04
5.678248560399855342e+04
5.688805022481676133e+04
5.699643598448959528e+04
5.710852550856785092e+04
5.722142464203397685e+04
5.733576508021421614e+04
5.744611277676816098e+04
5.755626563434158015e+04
5.766921665226107143e+04
5.778153289505652356e+04
5.789309811891076242e+04
5.800035030076396652e+04
5.810796772616578528e+04
5.821581816515192622e+04
5.832625925190133421e+04
5.843304524820375809e+04
5.853894161062586500e+04
5.865258347716398566e+04
5.876374144472683838e+04
5.886995374555724266e+04
5.898141425084113143e+04
5.909480122229375411e+04
5.920629576813512540e+04
5.931946697239369678e+04
5.942160931512339448e+04
5.953103838170308154e+04
5.965001957557976129e+04
5.975807829704699543e+04
5.986638744611939910e+04
5.997772853913457220e+04
6.008314185329676548e+04
6.018825362088424299e+04
6.029688137552133412e+04
6.041269037827660213e+04
6.052111040951649193e+04
6.063195427040371578e+04
6.074314508303501498e+04
6.084998839264518756e+04
6.096315075948736194e+04
6.107394740828855720e+04
6.118659824685120839e+04
6.129860191686610779e+04
6.141844031785082916e+04
6.152081074816000910e+04
6.162831998132346052e+04
6.174048162343642616e+04
6.184495250480921095e+04
6.194931745704957575e+04
6.206236630144708761e+04
6.217256988691637525e+04
6.228902832637824031e+04
6.240517586883896001e+04
6.251875453297897911e+04
6.262741423804058286e+04
6.274074656798705837e+04
6.284793874592433713e+04
6.295094382889749977e+04
6.306194083571690135e+04
6.316851155727119476e+04
6.328193853839718940e+04
6.339268886907500564e+04
6.350212373990388733e+04
6.361001812201769644e+04
6.371940907581515785e+04
6.383377604152192362e+04
6.393496985706198029e+04
6.405296787146286078e+04
6.415799667612805933e+04
6.426948529956627317e+04
6.437534450719971937e+04
6.447616465420481109e+04
6.458648646246342105e+04
6.470481750352788367e+04
6.481710847434627067e+04
6.492949889600149618e+04
6.504120355190392729e+04
6.515700728421439999e+04
6.526201831869481248e+04
6.537277328202136414e+04
6.547899388731512590e+04
6.559242327482411929e+04
6.570072215967842203e+04
6.581234778447495773e+04
6.592277694233489456e+04
6.602880307208787417e+04
6.614467317969769647e+04
6.625964186495709873e+04
6.637446058559403173e+04
6.648729274405665637e+04
6.659359228253673064e+04
6.670530489931543707e+04
6.681974077940770076e+04
6.692093684810090053e+04
6.703320962839601270e+04
6.714414007878559642e+04
6.725603033447002235e+04
6.736841899240241037e+04
6.748147974001104012e+04
6.759291196424783266e+04
6.771095522464688111e+04
6.781824954317140509e+04
6.793030759009267786e+04
6.804462308127396682e+04
6.814986236771679251e+04
6.826164645330847998e+04
6.837681827707428602e+04
6.848975359982572263e+04
6.860045916954190761e+04
6.871260890087866574e+04
6.882142556266106840e+04
6.893186204529440147e+04
6.903692663466415252e+04
6.914823503593211353e+04
6.925937953783247212e+04
6.936756929116851825e+04
6.948388980416621780e+04
6.959992282397657982e+04
6.970564495130488649e+04
6.981671947482283576e+04
6.993233608336136967e+04
7.004397056718276872e+04
7.015805879235110478e+04
7.026920647864935745e+04
7.037936359546810854e+04
7.049305832547108002e+04
7.060559453966253204e+04
7.071800673449391616e+04
7.083037606970532215e+04
7.093805783626427001e+04
7.104699026144976960e+04
7.116069349998755206e+04
7.127211194434855133e+04
7.138404138789513672e+04
7.149876764829955937e+04
7.160600248076445132e+04
7.171239124589563289e+04
7.182162942412297707e+04
7.192842743397224694e+04
7.203626440824558085e+04
7.214586581906022911e+04
7.225007191771121870e+04
7.235864143315976253e+04
7.246700941764065647e+04
7.257755175487403176e+04
7.269480185521009844e+04
7.280602973840878985e+04
7.291786034286726499e+04
7.302860222428964335e+04
7.314140939789976983e+04
7.324921919534813787e+04
7.335917559076834004e+04
7.347196444381985930e+04
7.358310263348683657e+04
7.369448290912102675e+04
7.380747014214679075e+04
7.391757601664778485e+04
7.402992802163700981e+04
7.413365434125025058e+04
7.425121053764839598e+04
7.436343408880366769e+04
7.447485769822193834e+04
7.457582986993290251e+04
7.467912194061807531e+04
7.479500627143868769e+04
7.490703582560921495e+04
7.501303620493534254e+04
7.512705807581722911e+04
7.523308099434028554e+04
7.534454384895171097e+04
7.545584904759717756e+04
7.555731008688715519e+04
7.566522671048175835e+04
7.577413462482893374e+04
7.588510577671037754e+04
7.599329739300496294e+04
7.610186209385293478e+04
7.621428150475012080e+04
7.632648867894116847e+04
7.644014058227061469e+04
7.655070853535046626e+04
7.665728689113222936e+04
7.676751290692306065e+04
7.687810389771328482e+04
7.698924046600928705e+04
7.709484586822293932e+04
7.720198787948119571e+04
7.731020958433239139e+04
7.742485133479158685e+04
7.753456086330334074e+04
7.764919368590110389e+04
7.776093970138138684e+04
7.787629169378906954e+04
7.798738838260553894e+04
7.809816232452404802e+04
7.820851668522813998e+04
7.831881421771831810e+04
7.842597786257725966e+04
7.853275924792434671e+04
7.864181189038888260e+04
7.875271943350823130e+04
7.885877481263509253e+04
7.896473160985301365e+04
7.907628129577678919e+04
7.918777962052533985e+04
7.929062018603991601e+04
7.939312056571073481e+04
7.950019053077982971e+04
7.961203499364788877e+04
7.972122346933744848e+04
7.983503871474665357e+04
7.994117388331552502e+04
8.004545288233050087e+04
8.015401398883934598e+04
8.026314909852313576e+04
8.037622560433240142e+04
8.047995617375748407e+04
8.059537734290177468e+04
8.070881870969370357e+04
8.081896313259503222e+04
8.092963791563882842e+04
8.104133466112948372e+04
8.115113524213254277e+04
8.127867776096063608e+04
8.139639705530719948e+04
8.150658702264451131e+04
8.161025178919296013e+04
8.172292279690009309e+04
8.183645818760992552e+04
8.195048141856586153e+04
8.206278874440092477e+04
8.216906712173158303e+04
8.228637467522914812e+04
8.239553114176691452e+04
8.250491852299254970e+04
8.261003006899671163e+04
8.272282740518166975e+04
8.282876217630233441e+04
8.293675635477449396e+04
8.304216130767475988e+04
8.315963843750208616e+04
8.326792761014736607e+04
8.337416079708034522e+04
8.348406436303013470e+04
8.358961850422130374e+04
8.370499514424546214e+04
8.381793139724471257e+04
8.392342951718268159e+04
8.403451957024760486e+04
8.414514937782981724e+04
8.425155976231829845e+04
8.435948368436799501e+04
8.447104700610756117e+04
8.458473434874357190e+04
8.469475947949379042e+04
8.480488006759171549e+04
8.491250175076180312e+04
8.502688467581136501e+04
8.514139552707011171e+04
8.525657038229132013e+04
8.537195890642641461e+04
8.548122782232238387e+04
8.559859099406294990e+04
8.570919167218044458e+04
8.582020904978750332e+04
8.592872444845073915e+04
8.603933451638038969e+04
8.614438049338084238e+04
8.626095121839374769e+04
8.639159507836222474e+04
8.650180903526273323e+04
8.660510705497894378e+04
8.671145335090621666e+04
8.683260444311010360e+04
8.694424326952181582e+04
8.705346034445267287e+04
8.716224983429005079e+04
8.727549358252371894e+04
8.738151676735357614e+04
8.749894916692900006e+04
8.760468738087256497e+04
8.771096953588705219e+04
8.782357780067350541e+04
8.793379215959469730e+04
8.804627852004398301e+04
8.814676197169641091e+04
8.825445815315545769e+04
8.836126270227292844e+04
8.847150604630316957e+04
8.858078817944924231e+04
8.869601808342273580e+04
8.880654552877365495e+04
8.891681615786474140e+04
8.902898979466369201e+04
8.913330048995190009e+04
8.924723822924436536e+04
8.935953892796100990e+04
8.947131955250361352e+04
8.958806160260611796e+04
8.969901306829127134e+04
8.981016334571513289e+04
8.992177312586750486e+04
9.002631435025409155e+04
9.014034504504162760e+04
9.024479437160906673e+04
9.035394369470087986e+04
9.046571355115590268e+04
9.057230662080462207e+04
9.068455253982575960e+04
9.078610146039217943e+04
9.089066420450077567e+04
9.100252355175396951e+04
9.111910502949265356e+04
9.123164594035164919e+04
9.133794092321538483e+04
9.145469222782767611e+04
9.157240485617319064e+04
9.168102965660882182e+04
9.179103789852165210e+04
9.189231768219247169e+04
9.199895155966967286e+04
9.211303130651860556e+04
9.222367741094251687e+04
9.232630373275223246e+04
9.243711182915618701e+04
9.253869329680358351e+04
9.265239278918983473e+04
9.276443306410528021e+04
9.286757321724209760e+04
9.297193091195383749e+04
9.308367304858646821e+04
9.319155237044134992e+04
9.330392124290738138e+04
9.341578959805727936e+04
9.352122053997425246e+04
9.363059645689655736e+04
9.374621623395844654e+04
9.385920040032413090e+04
9.397058978423882218e+04
9.408257098870223854e+04
9.419015779269368795e+04
9.430046112917282153e+04
9.441576944737992017e+04
9.452720721163097187e+04
9.463894559343259607e+04
9.474560242261145322e+04
9.485716413851073594e+04
9.495966210859955754e+04
9.507258009901306650e+04
9.517822749779338483e+04
9.529303403466827876e+04
9.541313390901219100e+04
9.552139110257232096e+04
9.563045623544130649e+04
9.573589254676923156e+04
9.583784346413471212e+04
9.594675807617887040e+04
9.605805860950786155e+04
9.616273248299432453e+04
9.626787999403798312e+04
9.637853966309678799e+04
9.649147502664051717e+04
9.660371200104577292e+04
9.671455749910746817e+04
9.682897522004674829e+04
9.693677874915466236e+04
9.704673534343214124e+04
9.715552529173794028e+04
9.726994488075109257e+04
9.737699667568950099e+04
9.749348934283835115e+04
9.760563235816977976e+04
9.771737289344517922e+04
9.782598100078442076e+04
9.792801127958549478e+04
9.803961983931552095e+04
9.815018659096531337e+04
9.825766406918075518e+04
9.837003725714006578e+04
9.847734621392469853e+04
9.858841113865541411e+04
9.869644377468632592e+04
9.880812793258660531e+04
9.891957407033916388e+04
9.902309007788906456e+04
9.913464763137869886e+04
9.924589020239542879e+04
9.935328760361009336e+04
9.946108742403221549e+04
9.957314291450468590e+04
9.968695429593369772e+04
9.980160034573459416e+04
9.990970930496091023e+04
1.000234870833808091e+05
1.001332449394978466e+05
1.002398698568442924e+05
1.003562201181659766e+05
1.004727978657260537e+05
1.005822679912900639e+05
1.006948012545346428e+05
1.008100288766650629e+05
1.009205398037438717e+05
1.010307893098797504e+05
1.011362172455611872e+05
1.012477941349800676e+05
1.013570618835592904e+05
1.014722643849794549e+05
1.015847660223253770e+05
1.017018445469196013e+05
1.018142266168863862e+05
1.019209744037130877e+05
1.020312587036585173e+05
1.021467259786796349e+05
1.022586032742207753e+05
1.023694726129064802e+05
1.024831583203184273e+05
1.025947726344692637e+05
1.027072670848611160e+05
1.028168883929295262e+05
1.029234417113944801e+05
1.030351617054628005e+05
1.031433011366918945e+05
1.032474759625938168e+05
1.033518394854084036e+05
1.034615308746737719e+05
1.035694802783587656e+05
1.036828672408467683e+05
1.037886073944800446e+05
1.039008765904772736e+05
1.040084493292367260e+05
1.041222192178788973e+05
1.042355114063220099e+05
1.043517708490494260e+05
1.044571320187061938e+05
1.045611971778415027e+05
1.046782100265094923e+05
1.047859945306212321e+05
1.048937456869141170e+05
1.050006556027064507e+05
1.051087102175691834e+05
1.052197216161199467e+05
1.053305134457472013e+05
1.054355222346711816e+05
1.055419833596898970e+05
1.056557399710806058e+05
1.057618783326322882e+05
1.058742368167248642e+05
1.059807206781601126e+05
1.060919244427766243e+05
1.062095017524167197e+05
1.063216209110315976e+05
1.064367153357614443e+05
1.065493404799784330e+05
1.066612788176089089e+05
1.067683772121895890e+05
1.068776336595652101e+05
1.069894373631288472e+05
1.070975588503003819e+05
1.072109120001534466e+05
1.073233089190724568e+05
1.074355304069344129e+05
1.075445187355495727e+05
1.076474553851915407e+05
1.077560131685464585e+05
1.078680332854562585e+05
1.079835263441900170e+05
1.080957548316355824e+05
1.082033002861091954e+05
1.083154907178348658e+05
1.084256359188798233e+05
1.085405185284476611e+05
1.086558176216480497e+05
1.087668611076899688e+05
1.088780559625151800e+05
1.089901787149126758e+05
1.091033558005397790e+05
1.092135874496837059e+05
1.093220740407171543e+05
1.094346189795322425e+05
1.095411645699092187e+05
1.096492623177809437e+05
1.097570059864384530e+05
1.098685736820005550e+05
1.099772213571128377e+05
1.100802079791235010e+05
1.101879338744741835e+05
1.102971652116262121e+05
1.104107542470215267e+05
1.105229061363644723e+05
1.106347960554085876e+05
