1.193233291719928957e+03
3.139898600378766787e+03
4.646837484363901240e+03
5.516061426171907442e+03
6.200459044032209931e+03
7.150451563253339373e+03
8.402726345839886562e+03
9.126378300205034975e+03
1.001985362962579165e+04
1.089357225801209279e+04
1.198296487334293670e+04
1.296229443285492744e+04
1.397541172443708092e+04
1.471306079985080942e+04
1.562461055535861669e+04
1.643250215006639701e+04
1.725148630280870930e+04
1.806239078944490029e+04
1.892245797387240964e+04
1.961643736028445710e+04
2.055109463547073756e+04
2.114105391850997330e+04
2.183280798619878624e+04
2.243441231851270641e+04
2.325875733947588378e+04
2.399956087717037008e+04
2.473238087286797236e+04
2.554011376758177721e+04
2.628929783822344325e+04
2.683964566445136734e+04
2.760372041547668050e+04
2.842699063808720894e+04
2.929415960604198335e+04
3.004981458168969039e+04
3.078320141985685768e+04
3.161938620941219779e+04
3.221348947368681183e+04
3.276752428295665231e+04
3.356934875136478513e+04
3.424565667084355664e+04
3.513376734541188489e+04
3.578162092675124586e+04
3.647270821579210315e+04
3.710186065674477140e+04
3.771672301796117245e+04
3.839014130013548129e+04
3.895269976014927670e+04
3.959254462836516177e+04
4.022585031095863087e+04
4.087548624201284110e+04
4.137098933593108814e+04
4.195477246467680379e+04
4.261126190408171533e+04
4.325875973509573669e+04
4.387110537132831087e+04
4.460584375052989344e+04
4.531002223481625697e+04
4.590647402837926347e+04
4.662937106340594619e+04
4.732862818099691503e+04
4.802830250297670864e+04
4.868562007886831998e+04
4.952231553916038683e+04
5.022491865211374534e+04
5.078529162185908353e+04
5.144375690984953690e+04
5.198177378867330845e+04
5.262664621296650148e+04
5.332154510986913374e+04
5.389448745174589567e+04
5.450740931150562392e+04
5.520958569051120867e+04
5.589252223972439242e+04
5.653537814196860563e+04
5.731488562900487887e+04
5.785042119317351171e+04
5.848195513624150772e+04
5.911151904435623874e+04
5.971950879293831531e+04
6.027826134800697764e+04
6.099803999031991407e+04
6.159063852787122596e+04
6.225514486446616502e+04
6.291077279443119915e+04
6.341595453739256482e+04
6.398180823900031828e+04
6.464625765768922429e+04
6.534781659004946414e+04
6.590646460679562006e+04
6.654169459752058901e+04
6.708109787311530090e+04
6.777378925376772531e+04
6.842395949758581992e+04
6.902073901916880277e+04
6.949011225128348451e+04
7.004467709553951863e+04
7.054476888930759742e+04
7.126162714499731374e+04
7.192500188997824444e+04
7.251590858055950957e+04
7.318334037192634423e+04
7.372108930796835921e+04
7.441281008469690278e+04
7.498211127337008656e+04
7.562028493145358516e+04
7.603543313685011526e+04
7.662245209681846609e+04
7.716502681793931697e+04
7.769035243356804131e+04
7.836037792753009126e+04
7.902302634247175592e+04
7.949229497080807050e+04
7.999467980078978871e+04
8.063131059822384850e+04
8.122600696035103465e+04
8.180430881253944244e+04
8.247659256850750535e+04
8.308616751505756110e+04
8.364839839151997876e+04
8.438723981583517161e+04
8.507883878392772749e+04
8.571241856798529625e+04
8.633410610564821400e+04
8.705436752085477929e+04
8.770733704040727753e+04
8.818640728915370710e+04
8.876842064556950936e+04
8.924209030019774218e+04
8.978901162683842995e+04
9.026723363421052636e+04
9.092429125809183461e+04
9.157107247954905324e+04
9.219615107821465062e+04
9.279945656646719726e+04
9.340940261763207673e+04
9.398945313476343290e+04
9.471907423138903687e+04
9.525515180677706667e+04
9.580296610922578839e+04
9.640576094516269222e+04
9.701677241748104279e+04
9.768501672662042256e+04
9.827357613892474910e+04
9.885794157639000332e+04
9.941621046003124502e+04
9.994464391214693023e+04
1.005425102580140665e+05
1.014251399562047882e+05
1.020459645996893814e+05
1.025163957353958394e+05
1.030581239921214728e+05
1.036213307751477842e+05
1.043984823457003949e+05
1.049726981425777194e+05
1.055213223691664753e+05
1.060241492690815212e+05
1.066068884310662834e+05
1.070885655830442993e+05
1.077399622779438942e+05
1.082583670271380834e+05
1.089441577125082404e+05
1.095188249178966944e+05
1.099890463679175737e+05
1.105849527441781829e+05
1.110429971918550727e+05
1.117161665210891369e+05
1.124630799753050960e+05
1.130168918993909465e+05
1.136683247943258175e+05
1.142190185684929747e+05
1.148708007668136852e+05
1.155086287451391545e+05
1.160428476231997338e+05
1.165620214505218464e+05
1.170993540162072604e+05
1.175614803586663038e+05
1.182679040915964142e+05
1.188589592216705496e+05
1.193849536296880833e+05
1.199833367566402449e+05
1.203896403451912774e+05
1.209025907552133285e+05
1.214092129169887339e+05
1.220798003843527549e+05
1.225757846994502179e+05
1.231465517825550342e+05
1.239009246816171799e+05
1.245336101799991011e+05
1.250985681584278791e+05
1.255775813842687930e+05
1.261958543682608433e+05
1.267769034120301512e+05
1.272965559341915214e+05
1.278299499539296085e+05
1.285797136843459157e+05
1.292047339054479962e+05
1.297532993935634731e+05
1.303532079460500972e+05
1.308583454995005886e+05
1.314103434203536890e+05
1.319558132083264645e+05
1.325399177010777930e+05
1.331751358161924290e+05
1.338022365895096154e+05
1.345070123340892023e+05
1.351732659093493130e+05
1.357200962805737508e+05
1.363211187812068092e+05
1.369398319617710367e+05
1.375510565197792894e+05
1.382010028151006263e+05
1.388218737658222963e+05
1.393124723904633429e+05
1.398507685414227308e+05
1.403627172278222861e+05
1.410446795604139625e+05
1.416173626587081526e+05
1.421732091396712058e+05
1.428156197921678831e+05
1.432733734532805101e+05
1.437342826505547855e+05
1.443484000494791253e+05
1.447815360647362832e+05
1.454271331996679655e+05
1.459108255199538835e+05
1.465208900304045819e+05
1.470021181074139022e+05
1.475004581008199602e+05
1.479430576422105660e+05
1.484480674090106331e+05
1.489844543719049252e+05
1.497919235520559014e+05
1.504765249775529664e+05
1.511520872751564311e+05
1.518116346254393866e+05
1.523358372703981004e+05
1.527971172988930193e+05
1.532786417101585539e+05
1.537008601304058393e+05
1.544153758832257881e+05
1.551624712293896300e+05
1.557599786335775570e+05
1.565199502381566563e+05
1.569656933604242513e+05
1.575539614768228203e+05
1.581103953977151250e+05
1.586961817951956764e+05
1.593706339733630884e+05
1.597981000405477243e+05
1.603363519977430115e+05
1.608750657822801149e+05
1.614637299373908027e+05
1.620234168661631120e+05
1.625772299521869863e+05
1.632096808275010844e+05
1.637970424446768884e+05
1.642529814159723173e+05
1.647469582797931798e+05
1.654564484028721927e+05
1.660894224094108504e+05
1.667104358426427061e+05
1.672997259426077944e+05
1.678748572235648753e+05
1.684794972461643920e+05
1.689957640307909460e+05
1.696749461820913129e+05
1.702022368723843829e+05
1.709591626486110908e+05
1.714979391915455344e+05
1.721526686148417357e+05
1.727638971655488422e+05
1.732741699555115192e+05
1.738017166124886135e+05
1.743885281172985269e+05
1.750316637727342604e+05
1.756404393831282505e+05
1.760776846884494589e+05
1.765306210372622299e+05
1.770772487656594894e+05
1.776112306502115680e+05
1.782392241771981935e+05
1.788863324423058366e+05
1.793867922925220628e+05
1.800217349208871310e+05
1.806074034592944372e+05
1.811909399506213085e+05
1.816701219319239026e+05
1.822607352670955297e+05
1.827809143345535267e+05
1.834842833567282069e+05
1.839833376989182434e+05
1.845231277901833528e+05
1.851068714006708178e+05
1.856203344452394813e+05
1.864336566979901108e+05
1.869204633989467984e+05
1.876095711094469298e+05
1.881987875036577170e+05
1.887711760577130481e+05
1.893140291987839155e+05
1.899296519941203587e+05
1.904712683333931200e+05
1.910228251226269640e+05
1.916136103444356995e+05
1.920529813679963991e+05
1.925789438284323842e+05
1.930962115817674494e+05
1.937013301849351265e+05
1.942610711256858485e+05
1.949904480986944691e+05
1.954059714941408311e+05
1.960138676214521693e+05
1.965746951361329411e+05
1.970815519724624173e+05
1.975709417798823561e+05
1.979383367510562530e+05
1.985944254845896212e+05
1.990737205239069881e+05
1.995924161364935571e+05
2.001234692279885348e+05
2.007105369670697546e+05
2.012196541465200426e+05
2.017302667989741603e+05
2.022849047463665484e+05
2.028416530055156327e+05
2.033878667602347559e+05
2.039352828883215843e+05
2.044757025332085323e+05
2.049329760058571119e+05
2.054776520947612589e+05
2.060853146970998205e+05
2.065916276090006577e+05
2.072293508849315695e+05
2.077772763449583144e+05
2.084121107743321918e+05
2.088798844601182209e+05
2.094244517066646367e+05
2.099315483408297587e+05
2.104704508102057735e+05
2.110827979512779566e+05
2.115308811417097168e+05
2.120538024317238014e+05
2.126434143757475249e+05
2.131074028090714128e+05
2.135792362148937536e+05
2.141873425509118533e+05
2.147088824054973084e+05
2.153125933091545012e+05
2.157350536014860263e+05
2.162982930863381771e+05
2.169134995522059035e+05
2.173641351635867322e+05
2.179693260393433738e+05
2.185682401466689189e+05
2.191858545230598829e+05
2.197399580142615596e+05
2.202788490346218459e+05
2.207486904063456459e+05
2.212411773229200044e+05
2.217929371217666776e+05
2.223079502954617783e+05
2.228907744092292851e+05
2.234213808904452599e+05
2.239328096040847304e+05
2.243600630131134239e+05
2.247512202732514124e+05
2.253347596442363574e+05
2.257954443539833301e+05
2.262804346334624570e+05
2.267796686262341100e+05
2.273773532991104003e+05
2.279355531256355171e+05
2.283423806477130274e+05
2.288746584479018929e+05
2.294156084192667040e+05
2.302188162056170695e+05
2.307754958452479623e+05
2.314575165633372671e+05
2.319209889317628113e+05
2.324974609282555466e+05
2.331053047383101366e+05
2.336732026533581084e+05
2.341378944875893649e+05
2.346523783138534636e+05
2.351936677090948797e+05
2.357037727550561249e+05
2.362146004526516190e+05
2.366725563247403479e+05
2.372960550272112305e+05
2.377969663721706020e+05
2.382262605556627968e+05
2.388017750144103775e+05
2.392361155892824463e+05
2.397708939405275742e+05
2.402259253179294174e+05
2.409121587021613959e+05
2.414770180339550425e+05
2.420557623767055629e+05
2.426513955067675852e+05
2.432033190531852306e+05
2.438235068737024849e+05
2.443943788294305559e+05
2.448665499663975788e+05
2.454571932572179940e+05
2.459375491984965047e+05
2.463782232162811270e+05
2.470256006915920298e+05
2.476749969359367678e+05
2.482266717246148328e+05
2.487484818044900894e+05
2.493722236377403315e+05
2.499269301113119000e+05
2.504151961125466623e+05
2.508666025505191647e+05
2.513560585478400753e+05
2.519963609240265796e+05
2.526361682077381702e+05
2.530496142096686235e+05
2.534771762003778713e+05
2.541485609361694369e+05
2.546924374504355656e+05
2.552259914264703693e+05
2.558210861553204595e+05
2.564159458074275171e+05
2.568509414366999117e+05
2.572844416355171415e+05
2.579887360625358997e+05
2.585552311057299958e+05
2.590745234734852856e+05
2.596512533809375600e+05
2.602052669269057224e+05
2.606468983027044160e+05
2.611543284129777458e+05
2.616677584766795044e+05
2.622589090438124840e+05
2.628572386104842881e+05
2.633609085357251461e+05
2.639282000201152987e+05
2.645745703634798410e+05
2.650083381877137581e+05
2.655404251351326238e+05
2.660667710953245405e+05
2.666341229772418155e+05
2.671918209680306027e+05
2.677864541120398208e+05
2.684067891938427929e+05
2.688658679180649924e+05
2.695067655296112061e+05
2.701009249826408341e+05
2.705685663866549148e+05
2.711809686611152138e+05
2.717554491134259151e+05
2.723493558893137961e+05
2.728726471201955574e+05
2.733964898534990498e+05
2.739828554431491066e+05
2.745572357590354513e+05
2.750557599898452172e+05
2.756049770600863267e+05
2.760692207551263855e+05
2.766597704144566087e+05
2.772274805958284414e+05
2.778261653131403145e+05
2.783990521130117704e+05
2.789722280471133417e+05
2.794067807333248202e+05
2.799265998008581228e+05
2.804133554697211948e+05
2.809908883138269885e+05
2.816637156647079973e+05
2.824037030010509770e+05
2.828842735273118014e+05
2.835276319131087512e+05
2.840391131293753278e+05
2.845597838117295178e+05
2.850476809850601712e+05
2.856383874592423672e+05
2.862312263902015402e+05
2.868096703355298378e+05
2.873232523908694857e+05
2.878261640215888619e+05
2.882970412257098942e+05
2.887673322277976549e+05
2.893155726017563138e+05
2.897571394786812016e+05
2.903605033179115271e+05
2.910208414936285699e+05
2.916512981433758978e+05
2.922128130024473649e+05
2.928788961725625559e+05
2.933705278884919244e+05
2.939481364970279392e+05
2.945495494665506994e+05
2.950629814032547874e+05
2.955845845857477398e+05
2.961964954496017308e+05
2.967642031702172244e+05
2.973362801087195985e+05
2.978559184960582061e+05
2.983033568691562396e+05
2.988907244596206001e+05
2.994200721752194804e+05
2.999746822185395868e+05
3.005629269732697867e+05
3.010813687679261202e+05
3.015776713591092266e+05
3.020546551381383906e+05
3.026721144924082328e+05
3.030507131586626056e+05
3.035871567959167296e+05
3.043757067273732973e+05
3.049814053543104674e+05
3.056377947506738128e+05
3.061730472389471252e+05
3.066374212424111320e+05
3.071565034639679943e+05
3.076710602276489954e+05
3.081554226479538484e+05
3.087883472121715313e+05
3.092840235131380614e+05
3.098207655593572999e+05
3.103786719815935357e+05
3.110070332867054967e+05
3.116087135685802205e+05
3.122350631498384755e+05
3.127912800236493931e+05
3.132453779284039047e+05
3.138428549786290969e+05
3.144062704654855770e+05
3.150675850564715220e+05
3.157085490232159500e+05
3.162491324371880619e+05
3.167567204112846521e+05
3.175817005452548037e+05
3.181134351627260912e+05
3.187469528068485088e+05
3.193454835274505895e+05
3.198781342933239066e+05
3.204249438274618005e+05
3.209023045058451826e+05
3.213560127541175461e+05
3.219209940742012113e+05
3.224330639151991927e+05
3.230832520672756946e+05
3.236974057410508394e+05
3.240726491391249583e+05
3.245105738982136245e+05
3.251778839656280470e+05
3.256550524687424768e+05
3.261187249352606013e+05
3.266174127942339401e+05
3.270617487786574056e+05
3.275899886233037105e+05
3.281209774490150739e+05
3.286945796137393336e+05
3.292104539946478326e+05
3.297463103979908046e+05
3.302814311858703732e+05
3.308160197941859951e+05
3.314471692952419398e+05
3.319725115654836409e+05
3.324846334122915869e+05
3.330427048633657396e+05
3.335160349838297698e+05
3.340354464512213599e+05
3.345275088194509735e+05
3.351503047874312615e+05
3.356348639659059118e+05
3.362250996651905589e+05
3.366725805004877038e+05
3.372700081368756946e+05
3.377285539196669706e+05
3.383780593028134317e+05
3.389254875228317105e+05
3.394051432233951055e+05
3.399679705960997380e+05
3.404223452266893582e+05
3.410208715455571073e+05
3.416020647589606233e+05
3.421831372195234871e+05
3.428033749216957367e+05
3.435576354348824243e+05
3.439709451773655601e+05
3.444360698860658449e+05
3.449633041450473829e+05
3.455733741781589924e+05
3.460560874496829929e+05
3.465027385398729239e+05
3.471249030065149418e+05
3.476150845662208740e+05
3.482066073378801811e+05
3.488014485679612844e+05
3.493255991246522753e+05
3.503001414787686663e+05
3.508214200192976277e+05
3.513070245873507811e+05
3.517769101143131847e+05
3.522147352341669030e+05
3.528133055894942954e+05
3.533869667581560789e+05
3.538988766982598463e+05
3.543973390105110011e+05
3.548663820799575769e+05
3.554697458352679969e+05
3.560072239445604500e+05
3.565704217576101073e+05
3.571053434745680424e+05
3.576303737258548499e+05
3.581192533237581374e+05
3.587169665994622628e+05
3.592942527054160018e+05
3.598150236248867586e+05
3.603197878195886151e+05
3.608932818216692540e+05
3.615457945693627698e+05
3.622885824534094427e+05
3.628514872656438965e+05
3.632891813957271515e+05
3.638270572842108668e+05
3.644699716792579275e+05
3.649363662957469351e+05
3.653935609443975263e+05
3.660196218917789520e+05
3.665490417542575742e+05
3.670855019861135515e+05
3.676819064221289591e+05
3.681691378230768023e+05
3.687434656538509880e+05
3.692744019736208138e+05
3.697695566057079704e+05
3.703137733061924810e+05
3.708652020709531498e+05
3.713986397058432922e+05
3.718728237682743347e+05
3.725286332446637098e+05
3.730312518659731722e+05
3.734468036428338964e+05
3.738118965336854453e+05
3.742699096714244224e+05
3.748530902656702674e+05
3.753305583847185480e+05
3.758632939459410263e+05
3.763498562344330712e+05
3.768663414799871971e+05
3.774056763141904958e+05
3.779055179066837300e+05
3.784184155639866367e+05
3.791241028732698760e+05
3.795226535621755756e+05
3.801264712429491919e+05
3.806621981590462965e+05
3.810790623106326675e+05
3.816047650646132533e+05
3.820505900121970335e+05
3.825418475084403181e+05
3.831613649217627826e+05
3.837812206108993851e+05
3.842476821381574264e+05
3.846568533161564264e+05
3.851993090996523970e+05
3.856157464952749433e+05
3.862454158288877807e+05
3.868737365638033953e+05
3.875569353769896552e+05
3.880563823095272528e+05
3.886257247302865726e+05
3.891423578045017784e+05
3.896477097793339053e+05
3.902014193876909558e+05
3.907711662509659072e+05
3.913289323100838228e+05
3.918533032812507590e+05
3.922994779292133171e+05
3.928031751609598286e+05
3.932069092830686131e+05
3.937116501177739701e+05
3.943779300972461933e+05
3.949471621596787591e+05
3.954539958450738341e+05
3.960020362020693137e+05
3.965798213044382865e+05
3.970569036311953678e+05
3.976758182980343699e+05
3.983015546692237258e+05
3.988631782635448035e+05
3.993393662796725403e+05
3.998891247091844562e+05
4.005620589722080622e+05
4.010808505204002140e+05
4.016963148255362757e+05
4.023402789122870890e+05
4.028255766151818680e+05
4.034310335451550200e+05
4.040873373958872980e+05
4.045612856846555951e+05
4.051188808938258444e+05
4.056202824159401935e+05
4.062513703374645556e+05
4.068892151641602395e+05
4.075098170857941732e+05
4.079808679059380665e+05
4.084876566713299835e+05
4.090400487361107371e+05
4.095625513049680158e+05
4.101583898292325321e+05
4.107108365449127159e+05
4.111259136351358611e+05
4.117066479399364325e+05
4.122570311018360080e+05
4.128099812502159039e+05
4.133164942816090770e+05
4.139424511905708350e+05
4.145000083709854516e+05
4.151614542470501619e+05
4.157537558556956938e+05
4.162537929809777997e+05
4.167670321477921098e+05
4.173420091673944844e+05
4.177391449265163392e+05
4.182769268477751757e+05
4.188228396770149120e+05
4.193618745507358690e+05
4.199766952478949679e+05
4.204588963885602425e+05
4.209759247973244637e+05
4.214431570462787640e+05
4.219638224338928703e+05
4.224932442542780191e+05
4.230228856737929746e+05
4.235227392126713530e+05
4.240227626643242547e+05
4.246389969770675525e+05
4.252628113469841774e+05
4.258236909475739812e+05
4.263792800042980816e+05
4.269778975017737830e+05
4.275106293524651555e+05
4.279955085747783887e+05
4.284471428394459654e+05
4.289297073314049630e+05
4.294780633024945273e+05
4.299730097232697299e+05
4.305971118968069786e+05
4.310519871647004620e+05
4.315954338800476398e+05
4.321216639338722453e+05
4.327337937457621447e+05
4.332436764426336740e+05
4.338254101776652969e+05
4.345241804231793503e+05
4.351718111579358811e+05
4.357488631232807529e+05
4.362527336567789898e+05
4.368684771506651305e+05
4.375285234440010972e+05
4.382777870299877832e+05
4.387673850428386359e+05
4.392597882527128677e+05
4.399311990769352415e+05
4.404251631783877383e+05
4.408533705110224546e+05
4.413541293852753588e+05
4.421926171441054903e+05
4.427717841311167576e+05
4.432902717273748713e+05
4.437761650278759189e+05
4.442411575992066646e+05
4.447512564513594843e+05
4.452874673928754637e+05
4.457652587913285824e+05
4.465024533273272100e+05
4.469463986613603192e+05
4.474918071739194565e+05
4.479988349871387472e+05
4.486490006341701956e+05
4.492084317830778891e+05
4.496741795814505895e+05
4.501902661455573980e+05
4.508764550618047360e+05
4.514692924214463565e+05
4.519554298583674827e+05
4.524672077795306104e+05
4.529595003835639800e+05
4.534966850097544957e+05
4.540811589709073305e+05
4.546047494154172018e+05
4.551928777152778348e+05
4.557648351875215303e+05
4.564726690328376135e+05
4.569545719288059045e+05
4.574180179053671309e+05
4.579183847378675127e+05
4.584832449441491626e+05
4.589749150131294737e+05
4.596122506758592790e+05
4.602389850202904199e+05
4.606805751608033897e+05
4.611565810209934134e+05
4.616495441327242297e+05
4.624150267796309781e+05
4.629002398169673397e+05
4.634317410076453816e+05
4.640043184262351133e+05
4.645132747335196473e+05
4.650754437212445773e+05
4.658140140834761551e+05
4.664493885833060485e+05
4.670152048561692936e+05
4.674225693987109698e+05
4.681050206731101498e+05
4.686190193964714417e+05
4.691593543298217119e+05
4.697740364967560163e+05
4.702846290924309869e+05
4.709511996982580749e+05
4.714522717521217419e+05
4.719181730644775671e+05
4.724025389617992332e+05
4.729274659701244673e+05
4.734560289534049807e+05
4.739633993679760024e+05
4.744538169853574946e+05
4.749744806991126970e+05
4.754063285773413372e+05
4.759848672228681389e+05
4.764960199552952545e+05
4.771580349971229443e+05
4.778062001334720990e+05
4.784186810122807510e+05
4.789556243803441175e+05
4.794592166101493058e+05
4.800055145678053959e+05
4.806162383050463395e+05
4.811337927873039735e+05
4.818231357114862767e+05
4.824884139223652892e+05
4.831552889689028962e+05
4.837046045635907794e+05
4.842750570173597662e+05
4.848080299980728887e+05
4.853804284552817699e+05
4.859709329764457070e+05
4.864341070786619675e+05
4.870687805262066540e+05
4.877401669920356944e+05
4.883273874365171068e+05
4.889415359031680273e+05
4.894819126064926386e+05
4.899479803920630366e+05
4.904595210884265834e+05
4.908744715285726124e+05
4.912372250118004158e+05
4.916895759915261297e+05
4.921730936173393275e+05
4.926592683522726293e+05
4.931802222855589353e+05
4.937047248441536212e+05
4.943173582067952957e+05
4.948612999304817058e+05
4.954397836086546304e+05
4.959619765229383484e+05
4.965377641478464357e+05
4.969620102565298439e+05
4.974924904148293426e+05
4.981487673221000005e+05
4.987959281611010665e+05
4.993806697171847918e+05
4.999002676809999975e+05
5.003622041002629558e+05
5.011048666568647022e+05
5.017073234459786909e+05
5.021427217966887401e+05
5.027133734921757714e+05
5.031981926509749610e+05
5.037286760163829313e+05
5.043141638531868812e+05
5.048458393254409311e+05
5.054019522629221319e+05
5.059825564790925127e+05
5.065898675139633706e+05
5.071151336573437438e+05
5.078048701778613031e+05
5.083552547840093612e+05
5.089647157196074259e+05
5.095891146619614447e+05
5.101241253315118374e+05
5.105753448259814759e+05
5.112475214091544622e+05
5.118096721644633217e+05
5.123092963371893857e+05
5.128613999092776212e+05
5.134631540568240453e+05
5.140086697107434156e+05
5.144701560740388813e+05
5.151667167043302325e+05
5.157025800056509324e+05
5.163943428856121027e+05
5.169103525602763984e+05
5.174981023457709234e+05
5.180138541333500762e+05
5.185432741706838715e+05
5.191341546023914707e+05
5.197282604005194153e+05
5.203183670653536683e+05
5.209538787464794004e+05
5.215199014503536746e+05
5.220613935850592097e+05
5.226660681509725400e+05
5.232203806260066340e+05
5.237710706119555980e+05
5.242748352194585605e+05
5.248384029526131926e+05
5.252989015909672016e+05
5.258969813281791285e+05
5.263891199724780163e+05
5.269773661406970350e+05
5.275138239007234806e+05
5.279827910041939467e+05
5.285328766448972747e+05
5.290586776354894973e+05
5.295994821485839784e+05
5.300769185410854407e+05
5.305784733995461138e+05
5.311994318844915833e+05
5.318653390265009366e+05
5.326010109363647643e+05
5.332434267356594792e+05
5.337022536788824946e+05
5.343141278535481542e+05
5.349038015180109069e+05
5.353893241171968402e+05
5.358969855114035308e+05
5.365380079392309999e+05
5.369735545559369493e+05
5.374454343375450699e+05
5.379641530306482455e+05
5.385196158199978527e+05
5.391339090723302215e+05
5.397856410675873049e+05
5.403697155008874834e+05
5.408525900858689565e+05
5.413335317082890542e+05
5.421415765545428731e+05
5.428332356306277215e+05
5.434865603889710037e+05
5.440248470948665636e+05
5.446963507044184953e+05
5.452888496987672988e+05
5.457762922676763264e+05
5.463303959419112653e+05
5.468090933050683234e+05
5.472769873238011496e+05
5.478720318182025803e+05
5.483882298808809137e+05
5.488559708265080117e+05
5.494546159854321741e+05
5.499591028553072829e+05
5.505113794682651060e+05
5.510643824205482379e+05
5.515168543254361721e+05
5.520463396235869732e+05
5.526533720110938884e+05
5.531606471228935989e+05
5.537968435621887911e+05
5.544188889242392033e+05
5.548846938636468258e+05
5.555567501153592020e+05
5.561118388582258485e+05
5.565989356257342733e+05
5.571697040239860071e+05
5.576657299491793383e+05
5.583140599941912806e+05
5.589262607101736357e+05
5.594257987605326343e+05
5.599417885701934574e+05
5.604359374079473782e+05
5.609365737412751187e+05
5.615046693016957724e+05
5.621652099459128221e+05
5.627740955346121918e+05
5.633465665888788644e+05
5.640348256533155218e+05
5.645650049616395263e+05
5.649596789997861488e+05
5.656064645541296341e+05
5.661710129267144948e+05
5.666655596822714433e+05
5.670826801087600179e+05
5.676642535524399718e+05
5.683016764026617166e+05
5.689065956756442320e+05
5.694372420744483825e+05
5.700544738722286420e+05
5.706134802714990219e+05
5.712798591513858410e+05
5.717431461561175529e+05
5.722187109957745997e+05
5.728671599157116143e+05
5.734142756549036130e+05
5.740535505959227448e+05
