3.272291939754121831e-02
3.693434404780580188e-02
4.158224622726822139e-02
4.755286687058450645e-02
5.600542483615929962e-02
6.817665097378476646e-02
8.510519894021126297e-02
1.073147689638344893e-01
1.345179035266651779e-01
1.654254509030066433e-01
1.977549476369396542e-01
2.285055025436538989e-01
2.544982146106770649e-01
2.730840493480303777e-01
2.828335307172692992e-01
2.839903149548966832e-01
2.785216345442774188e-01
2.697233783011560027e-01
2.614894710745553352e-01
2.574714442488590938e-01
2.603867518816970761e-01
2.716729891274511921e-01
2.915584886266423537e-01
3.194785313846368879e-01
3.546592937830631009e-01
3.966484101994209310e-01
4.455983954961657001e-01
5.021955664255421947e-01
5.672483707530709962e-01
6.410715839985899889e-01
7.228874486910723540e-01
8.104766533946519136e-01
9.002367032288342008e-01
9.876623440665843745e-01
1.068104917149903743e+00
1.137560350592621283e+00
1.193226410927320957e+00
1.233663809872048045e+00
1.258551652619704697e+00
1.268177918269411730e+00
1.262888549409671990e+00
1.242707167819829817e+00
1.207248906148263856e+00
1.155934895469388879e+00
1.088418886041685685e+00
1.005089792666993720e+00
9.075082410126442678e-01
7.986522881315395450e-01
6.828780353662476932e-01
5.655524432217386988e-01
4.523965166748673550e-01
3.486730542970903346e-01
2.584238447866892274e-01
1.839631554203599584e-01
1.257545594148919144e-01
8.266852169368095471e-02
5.249837556780528880e-02
3.255385372887549533e-02
2.016940606470687958e-02
1.303558112080498328e-02
9.343486290322397872e-03
7.789299270687072979e-03
7.504218775294300113e-03
7.962472464839462014e-03
8.893995728705464052e-03
1.020606968485592188e-02
1.190850773158713856e-02
1.403980702329151072e-02
1.660081324536414119e-02
1.950990903600053825e-02
2.259363773859765848e-02
2.561750881744059849e-02
2.834687206763045891e-02
3.061415609702277177e-02
3.236403502610506189e-02
3.365645966056511618e-02
3.462660956897278125e-02
3.542164246935287919e-02
3.614520918502420188e-02
3.683517314202171961e-02
3.748049709654340672e-02
3.806118148052678452e-02
3.858356749204636810e-02
3.908872469303577291e-02
3.962984975517847008e-02
4.023389879745158798e-02
4.087161176168242760e-02
4.145441071416827022e-02
4.186098909082707625e-02
4.198036919697065161e-02
4.175025921967524117e-02
4.117270137780810330e-02
4.030037861882792422e-02
3.920040678861035771e-02
3.791208241159915032e-02
3.641750377314424691e-02
3.463889674644991812e-02
3.246596550898069727e-02
2.980438472706979994e-02
2.662718018019216010e-02
