1.579423211256551426e-02
3.484333175220774570e-02
5.389243139184997367e-02
7.294153103149221551e-02
9.199063067113444347e-02
1.110397303107766714e-01
1.300888299504188994e-01
1.491379295900611135e-01
1.681870292297033553e-01
1.872361288693455972e-01
2.062852285089878113e-01
2.253343281486300531e-01
2.443834277882722950e-01
2.634325274279145090e-01
2.824816270675567509e-01
3.015307267071989927e-01
3.205798263468412346e-01
3.396289259864834764e-01
3.586780256261257183e-01
3.777271252657679046e-01
3.967762249054101464e-01
4.158253245450523883e-01
4.348744241846946301e-01
4.539235238243368720e-01
4.729726234639791138e-01
4.920217231036213001e-01
5.110708227432635420e-01
5.301199223829057283e-01
5.491690220225479147e-01
5.682181216621902120e-01
5.872672213018323983e-01
6.063163209414746957e-01
6.253654205811168820e-01
6.444145202207590684e-01
6.634636198604013657e-01
6.825127195000435520e-01
7.015618191396858494e-01
7.206109187793280357e-01
7.396600184189702221e-01
7.587091180586125194e-01
