2.133931147906321613e+01
2.292682458077987206e+01
2.280673513480302717e+01
2.104074814283192651e+01
1.803694038721094017e+01
1.440081672545504077e+01
1.074284758016839092e+01
7.523041126918808885e+00
4.980604893492515117e+00
3.149884215298711432e+00
1.929538534122618776e+00
1.162735785858891813e+00
6.978149684600442049e-01
4.185449523957840423e-01
2.489771372619224987e-01
1.446421872381501716e-01
8.066027509083405211e-02
4.254430089314380214e-02
2.100036032363790037e-02
9.653535338966651169e-03
4.193653275802335274e-03
1.959010623519963270e-03
1.597370002579537578e-03
2.786401385343998012e-03
6.055777056666033879e-03
1.266152746005665131e-02
2.434808610332921119e-02
4.279997844965339332e-02
6.871817318765338634e-02
1.007634237606854083e-01
1.349371131977855631e-01
1.650274933425545099e-01
1.843221276564126210e-01
1.880160464564555323e-01
1.751493884335242057e-01
1.490110934720095537e-01
1.157776807273177277e-01
8.215374330258103097e-02
5.323853978843499923e-02
3.150802498834874565e-02
1.702991555948904154e-02
8.406206906261410802e-03
3.789517556297147295e-03
1.560141678284835331e-03
5.865977891507675275e-04
2.014248607555915737e-04
6.316579837941980839e-05
1.809035855587905349e-05
4.731606581421605343e-06
1.130228741188232494e-06
2.465587015147520915e-07
4.912138334093832493e-08
8.937521730125605329e-09
1.485114369026844013e-09
2.253714800544674855e-10
3.123448005814913584e-11
3.953355526989873306e-12
4.569763571092313919e-13
4.824117280600508216e-14
4.650913380151154287e-15
4.095009486630278632e-16
3.292818860364903254e-17
2.418115475364250646e-18
1.621744801117756810e-19
9.933225136917860296e-21
5.587907415668210120e-22
9.451769610308709967e-23
1.263276318040338231e-21
2.199183935460705988e-20
3.500050315865595948e-19
5.087265423724667535e-18
6.752907124329196260e-17
8.186408718943663055e-16
9.063424847410311620e-15
9.164051469200969745e-14
8.462115890697312110e-13
7.136194612944422116e-12
5.496049925437427880e-11
3.865724683565533005e-10
2.483175639223984765e-09
1.456733893721800021e-08
7.804575359567760119e-08
3.818691717273274202e-07
1.706381709794052641e-06
6.963603629032110226e-06
2.595303580397567006e-05
8.833616809058472100e-05
2.745903141198954172e-04
7.795215736040007025e-04
2.021004737002295853e-03
4.785229719211297507e-03
1.034747816280669024e-02
2.043442930370860736e-02
3.685418191057666243e-02
6.070260160500532548e-02
9.131121073797091037e-02
1.254403235399137173e-01
1.573788969365975121e-01
1.803234035485027920e-01
1.886922061812894846e-01
