2.037332549901396305e+03
1.915465628800188369e+03
1.920920862173702744e+03
6.220609828138378816e+02
9.201427072744065754e+02
8.911309180986959291e+02
9.380943957607840957e+02
8.916349176609896858e+02
1.063206414767522574e+03
9.853634588580794116e+02
7.284013738571740078e+02
8.680361808357924929e+02
7.649790507075480264e+02
8.827404697792072739e+02
7.512743677562733637e+02
1.119060585582276417e+03
7.979230683728371787e+02
8.763449496076443666e+02
6.804309353839912546e+02
7.601464639299013015e+02
9.000855240457926811e+02
6.632153885937294717e+02
8.469406735977605649e+02
7.188714681095904098e+02
6.986020751434484737e+02
6.747729878000111512e+02
8.104785211722999065e+02
6.606300566652087127e+02
6.791096865618563925e+02
5.920990807204806288e+02
7.138600696542199557e+02
6.459490369561984835e+02
7.627490259602727747e+02
6.621509184892902340e+02
7.763055170833624743e+02
7.179265114970261266e+02
6.285720256519410896e+02
6.562994371424740621e+02
8.448469125611860591e+02
6.372456650814375507e+02
5.929391052715484420e+02
7.367144971999657628e+02
6.062443330779613007e+02
6.578848553502109553e+02
6.347973056042083044e+02
6.289386646915608026e+02
6.470792718014770344e+02
7.573545923284144692e+02
6.595567336841166934e+02
7.190921175742746527e+02
6.683818025977711841e+02
7.676362000065646498e+02
8.390723129672251162e+02
6.944264309798541035e+02
1.035618283738407399e+03
8.708639109438477135e+02
6.016280401090668875e+02
6.319340435609949509e+02
6.311123956319377157e+02
7.121445195273832951e+02
7.097448884906638114e+02
7.970963308798837943e+02
4.910507970955729888e+02
5.803261254139869152e+02
6.087934206412958247e+02
5.920921203176391145e+02
5.626006449595189451e+02
6.387229424625422780e+02
6.293112203413496673e+02
6.264392526909517755e+02
5.410110400732543212e+02
5.795497884348711750e+02
7.090467897356066942e+02
5.497411509675948764e+02
7.945546824484171111e+02
6.380086730548910054e+02
6.728166081804482701e+02
5.597434812895180585e+02
7.545676343263254466e+02
5.434011519725233939e+02
5.554978326108766851e+02
5.085914496963571310e+02
5.717191006312904165e+02
5.318533143973207871e+02
5.534086802956118163e+02
5.972499362226720905e+02
6.033723109641354085e+02
6.758772784077702909e+02
4.998611010302078626e+02
5.032943962001808131e+02
5.698909436840358467e+02
5.402578342494167600e+02
7.833565930070521972e+02
6.251691095345162239e+02
7.516071335366685844e+02
6.806182341461889109e+02
5.243923996980067841e+02
4.406327857015578502e+02
7.175574343193798086e+02
5.767510743365246526e+02
6.581452791415988486e+02
7.602167499948867544e+02
5.751026798131334772e+02
7.214367417593095979e+02
6.676273448323856883e+02
5.645339214073123912e+02
7.215757421119652690e+02
6.588675881928959370e+02
6.039479649389420501e+02
6.156660144538002442e+02
6.007780030559649731e+02
5.718282201470206019e+02
7.093475753892528246e+02
5.260184089576426913e+02
5.265920341296190372e+02
5.983256354814955102e+02
6.040745630240676292e+02
5.826934455029424953e+02
5.256348387123089196e+02
6.169734901114087506e+02
5.848997173400775864e+02
7.073303044302549552e+02
5.489428115675843856e+02
6.034569918594247611e+02
5.091429395925941890e+02
6.689846881001030852e+02
5.288365332428203374e+02
5.975630460000047606e+02
5.165407587587394573e+02
5.108287894343588391e+02
6.345336946163690754e+02
5.259123778257130652e+02
6.869479866061241182e+02
6.884617595177228395e+02
5.776686045250166899e+02
6.132776114072026985e+02
4.537941075116551701e+02
5.618874120217062682e+02
4.645653611148375148e+02
5.907149312203565614e+02
6.469190753516251107e+02
5.116341342737434843e+02
6.203824063605040919e+02
5.875314040106437687e+02
7.152387279340007353e+02
7.074221714875097859e+02
6.762481728966228047e+02
4.082228808743680588e+02
7.016567790477226936e+02
4.517011404611339458e+02
6.823952137261226198e+02
5.744429226309061960e+02
7.672836482514453564e+02
6.947406538292192408e+02
4.835349987512032612e+02
6.139345527166782404e+02
5.250896254199184341e+02
6.459481491825656576e+02
6.425481565370714634e+02
6.465777889447773532e+02
5.571298191012477901e+02
6.169163476970327338e+02
7.778725674179943326e+02
5.510669311544393167e+02
4.774825920570660287e+02
6.962944900206216516e+02
5.443839461289948076e+02
6.238060299850977799e+02
4.349700191534803935e+02
5.530341472912098197e+02
5.277519052148378478e+02
5.962236239394574113e+02
5.702598782113209381e+02
6.308164684312981763e+02
5.529033727678954619e+02
6.716797680823291330e+02
6.449248161626815090e+02
5.019129985310307802e+02
7.076922285889054365e+02
6.075928715105507081e+02
5.572706644230729580e+02
6.405100924115891985e+02
5.005088343770758570e+02
4.958182220271947926e+02
5.932750897743579799e+02
6.383785994091227849e+02
5.925886516054084723e+02
6.615881575086143584e+02
6.333388577240145878e+02
6.150806809248364289e+02
5.525782851329046252e+02
5.419854983826971875e+02
5.577956694751147779e+02
5.655594359568669915e+02
4.975257255958139808e+02
4.529885126595216320e+02
5.377139583952026669e+02
5.259810306130136723e+02
6.909896446950158406e+02
7.079063371568312277e+02
4.181562787165455575e+02
7.090759239802405318e+02
5.908871701451316767e+02
6.438451799691921451e+02
6.776688193334242669e+02
5.763922999814054720e+02
5.265758782794343915e+02
4.505314743324603342e+02
4.749569595827012449e+02
5.942204248459738665e+02
6.712455178365953543e+02
5.930265688643302155e+02
7.136622313280654453e+02
5.760810253770343934e+02
6.367092072308614661e+02
6.825220399825916502e+02
4.993326809154215198e+02
5.539622498104577062e+02
6.230715328934265926e+02
5.343462842133792492e+02
5.684249376025026095e+02
6.314258790268781922e+02
6.363860157906474342e+02
6.021370856027178888e+02
6.444131425174073229e+02
5.598609903015793634e+02
6.060525856015168529e+02
8.013813654269940798e+02
6.083984023006909183e+02
5.601824942103686453e+02
6.295804527708810383e+02
4.867824130006075620e+02
7.099607508133303782e+02
4.794231070483389772e+02
7.099391611013212469e+02
6.911428110258086690e+02
4.590191170859035310e+02
4.933665014935668296e+02
6.355538180719225920e+02
5.100631063450152851e+02
5.009655711807180865e+02
5.352452211075086552e+02
5.336257449493871263e+02
5.015066703149312275e+02
5.923947924006185985e+02
6.422895070874599242e+02
6.229853742557174883e+02
5.958236076741197849e+02
5.278158452680271466e+02
5.743795411156859245e+02
6.300784792893339272e+02
4.531565298098086600e+02
6.735184442772371085e+02
6.369720860013862875e+02
5.911163177083832352e+02
6.642272039101542305e+02
5.255273014687348905e+02
5.379058082215191234e+02
4.126174510140547227e+02
6.509233477124456613e+02
6.989702917456643263e+02
5.882760837780043630e+02
5.420095741625327719e+02
6.998305303733583287e+02
6.444801333218528043e+02
5.096999388504975173e+02
6.152916193188998477e+02
5.573045832663497094e+02
4.705849736295938897e+02
5.665470235226996465e+02
4.719142444879520326e+02
4.712481747904974441e+02
7.634130981576805652e+02
8.223819457895463074e+02
5.894837791995682892e+02
4.834235080103216546e+02
4.961250015759028429e+02
4.782396847879709867e+02
5.998993479538391966e+02
4.236167583877016227e+02
4.262773747897449539e+02
7.042401128594564170e+02
6.432070370798614931e+02
6.677501925341263131e+02
5.811033803884216695e+02
4.684957810208772457e+02
4.918457007849967226e+02
6.283980789140700836e+02
5.298264217830227381e+02
5.031198712715319061e+02
6.044640524682968135e+02
5.228583318647775968e+02
5.789352096049766487e+02
8.065449071349773931e+02
5.490186819177499729e+02
6.602414929435170734e+02
6.460067541618763016e+02
6.094010312550698245e+02
4.918513971003017673e+02
7.275226520699045523e+02
5.705059410469585828e+02
5.363115994668729627e+02
5.713781760727440542e+02
6.512393541918229403e+02
5.659606338108021646e+02
4.389990812076866860e+02
4.863824394573198333e+02
5.015819449904719818e+02
7.586686200911893820e+02
4.741995686291008383e+02
5.644061988013831979e+02
4.146175454533923812e+02
8.325225484672755556e+02
6.018175041112998542e+02
6.625496977153144371e+02
5.297035264444222094e+02
5.205707058835057524e+02
6.177728851123729328e+02
6.305732354781081312e+02
5.491172323772046866e+02
5.408031670619027409e+02
6.940524171152325152e+02
5.831528677021865406e+02
6.924380304183619046e+02
5.722168782122578250e+02
5.246037147862826941e+02
3.124570856167375723e+02
6.083019583580559129e+02
5.552762887029281273e+02
4.850376270125860287e+02
5.849719136452429211e+02
4.868556293372740242e+02
4.504736666288973765e+02
5.680280493945381295e+02
5.385808615396964569e+02
7.760183705863454406e+02
5.365717287384253495e+02
5.484183196346479008e+02
5.003639693100349177e+02
5.088088075101265986e+02
6.519185925296442292e+02
5.907500717271567510e+02
6.303193772684087435e+02
5.600614405603797650e+02
5.636845076039289779e+02
4.612660754492116553e+02
5.046209109115974343e+02
5.238886328668780834e+02
5.197955486448618103e+02
7.984100180290461140e+02
5.740449287787747608e+02
5.012220864074881774e+02
4.979316311003556734e+02
4.523668319807433136e+02
5.993854316807540954e+02
5.049074618921940214e+02
4.684847408338915784e+02
5.591457651421594619e+02
5.397047642108885839e+02
6.203090030196566431e+02
6.787237801450195320e+02
4.598013123592741067e+02
4.747013890482933789e+02
6.663114046426461528e+02
7.022629566550199343e+02
5.637572205223749506e+02
4.684504650943565025e+02
4.958830845238181269e+02
5.285058830832361991e+02
6.406440336739767645e+02
4.207640556758644834e+02
4.621116926141347108e+02
4.397595001768955854e+02
5.668742636912210173e+02
5.013658292955794309e+02
4.028062195193515436e+02
5.127612280628159169e+02
5.428249470089198212e+02
6.390365837750894116e+02
6.503384775381183545e+02
5.372121224281019067e+02
5.226410545749724861e+02
5.751580222356578815e+02
4.903530697362671731e+02
5.727377047284353466e+02
6.551946318469001653e+02
5.102748343752205074e+02
4.479014861169076767e+02
4.823582157550533225e+02
5.691590713168585580e+02
4.000707785063334541e+02
5.763594360205095199e+02
6.176105605826581950e+02
4.899553366612243508e+02
6.465023185604237597e+02
5.658044389395760163e+02
6.054364717835871943e+02
5.129711235903513398e+02
5.962500137343439519e+02
6.730156595505723089e+02
4.015710303387627391e+02
6.959638254412587912e+02
7.385472669297699895e+02
6.175171307032210279e+02
5.081520468683216905e+02
5.125884867639600770e+02
5.121939300670812827e+02
5.236739946565866148e+02
5.322044881277170134e+02
7.542685066069009281e+02
5.276458775471312492e+02
3.817754003518704167e+02
6.206969891627483094e+02
6.441576411696979676e+02
4.826701169073219262e+02
5.615471877267092395e+02
5.302290854686735884e+02
5.659762888101307681e+02
7.694733728257986058e+02
5.248602626137870857e+02
6.694139735732472900e+02
5.631367212618317808e+02
6.235337557035935561e+02
6.151311611188867801e+02
6.851212802148484116e+02
5.041894764830172448e+02
4.031290492972204902e+02
5.658925531233857100e+02
5.646913642782983516e+02
4.182430882339151594e+02
6.156271922990447365e+02
5.621990352791920031e+02
4.751692221081142975e+02
6.374505923477009901e+02
5.298916671086835777e+02
5.036714027206264745e+02
5.848705292999471794e+02
6.377934463787703407e+02
4.674698093695462262e+02
5.354588883916004534e+02
6.120361875045316538e+02
5.370700327798271019e+02
5.989751714779905569e+02
5.692014298424562639e+02
4.652998443318904265e+02
4.420310501795971732e+02
5.775842469076135330e+02
6.457895314556438962e+02
5.803359518410836699e+02
4.165448434409580614e+02
5.580348447812406221e+02
5.538732281501727357e+02
5.042657593059230976e+02
5.527380167900245169e+02
5.281327570550281507e+02
5.907204370223139449e+02
4.724996505659871673e+02
4.637685514669283862e+02
6.244596007358053384e+02
5.895945855920929262e+02
6.540136737242651179e+02
4.778948467041271897e+02
4.423852004075993705e+02
4.798746172996596329e+02
5.721986473470919918e+02
4.183572444760548024e+02
5.224215778427826535e+02
5.281887250905892870e+02
9.100176457392813063e+02
5.524635402873932435e+02
4.749868621622381966e+02
7.097341557494307835e+02
5.496095150597319616e+02
5.453898406183949419e+02
5.910320736937964057e+02
5.920109171297671082e+02
5.643748717261365755e+02
5.426457280346321568e+02
5.478006533324804650e+02
6.365939298809622642e+02
5.071984506307477432e+02
4.308251140350153037e+02
6.689126521203012317e+02
5.211313448570930404e+02
6.457887159966182935e+02
4.993378142198992578e+02
7.025930248133608984e+02
5.685521451727723843e+02
7.097608384500128977e+02
4.876125711308010295e+02
6.292274829042617057e+02
5.405738911858971960e+02
5.375855765029748454e+02
6.748181113348842928e+02
4.791377398986473963e+02
6.131938236358154199e+02
4.320796968388934260e+02
5.274955661512345841e+02
5.286550225309189273e+02
5.314940081195152288e+02
5.451466373808663093e+02
5.891329127174469704e+02
4.991178390331464243e+02
6.129170221731221773e+02
6.481837977777946662e+02
5.668157008398392236e+02
5.535013653308558332e+02
5.260275761856719328e+02
7.423319626380308591e+02
5.745973796126889965e+02
5.398515518812941991e+02
6.219572271388294666e+02
5.663858784937849578e+02
3.704600264657375419e+02
5.824541788718574935e+02
5.615357382836480156e+02
6.690488975139276135e+02
5.716649708597212793e+02
5.436237926566022907e+02
5.711804801931815518e+02
5.466480095892910640e+02
6.088551745200650203e+02
4.697983479485990301e+02
4.778622215169498872e+02
5.640477594079430901e+02
5.610805250376305366e+02
6.868323142751630712e+02
5.072096493413740745e+02
6.164484847191376957e+02
4.111050437739664289e+02
4.739406762713794592e+02
4.737788403962476309e+02
6.653434203999884176e+02
5.446251625577788218e+02
5.817726746606570032e+02
5.162566167345814847e+02
5.944900206185380966e+02
5.898552483570362028e+02
5.048431396080343347e+02
6.696042548563156060e+02
5.278061513185090234e+02
6.364989853123137209e+02
6.429473432649330107e+02
4.370816039046302421e+02
5.301871577834485834e+02
5.830983655926286247e+02
5.335468268643437568e+02
4.747392902695777366e+02
4.278055838776753603e+02
5.695122689367264002e+02
5.664081550345126743e+02
4.405941862433045344e+02
5.028583489038457515e+02
4.961814382527689986e+02
5.508348629690982534e+02
6.011216646031014079e+02
6.785693376856626173e+02
4.457194272619541948e+02
5.205140816464485169e+02
5.937054251211745850e+02
4.282577931726670499e+02
6.949292554792123155e+02
5.145356153540061541e+02
6.234582383670502850e+02
5.254092619440516501e+02
4.754474037666628305e+02
6.204629196423629764e+02
4.887661224577848316e+02
4.474383719639422452e+02
6.585845011309176016e+02
4.763513814732909282e+02
7.810776805120451627e+02
6.278966511925426630e+02
5.249325258435503656e+02
5.223844859029588861e+02
4.290190395724839618e+02
5.965626056075652741e+02
5.591283084927957816e+02
5.780023769826653961e+02
6.720439679798729458e+02
4.485909281365433117e+02
5.620521196071869099e+02
6.339961623681112997e+02
5.278735954323269652e+02
5.863742545817575547e+02
6.050791143454043777e+02
5.950081066036439097e+02
4.857348888845162946e+02
6.778024121953371832e+02
5.074107417394862409e+02
5.326443457430327726e+02
5.223372365843663374e+02
5.415341508340347900e+02
5.166541495237237314e+02
5.174388725726623761e+02
4.239828663865241651e+02
5.556431849267571579e+02
5.600005172439206262e+02
5.297191990658010354e+02
5.465117449419923332e+02
5.525506901734029270e+02
4.194840108710696995e+02
6.186218509727910941e+02
4.552351431777398147e+02
8.880089124221386783e+02
4.441158640886016542e+02
5.378438342675532340e+02
5.566105892648400868e+02
6.739051845802972593e+02
6.414438247008123426e+02
5.932936343560990053e+02
4.626536968068251667e+02
7.248304268531636581e+02
5.496611008281665818e+02
4.611183239270538365e+02
4.794018816859487515e+02
5.459197898085413954e+02
6.153603028971542699e+02
6.353194960445073320e+02
5.335364551325776574e+02
4.912414351861269211e+02
5.083323862556822519e+02
5.370684914056490697e+02
5.666993918500453447e+02
5.493831531980845284e+02
6.866916097118722746e+02
5.400666077769483309e+02
6.353197627995349421e+02
6.079406715419482907e+02
5.904221044402663665e+02
5.507238746477671612e+02
4.746740549285798920e+02
4.789259145419724746e+02
5.405742357524122781e+02
5.059006040961072017e+02
5.861958330880237327e+02
4.996507785658193939e+02
6.120333096818505965e+02
5.324987483997277877e+02
5.696248632595268191e+02
4.934168804667942823e+02
5.311655223853827010e+02
5.880774033881011746e+02
5.638385448970891503e+02
5.037868132492424706e+02
6.139831600883256897e+02
5.623992729940008530e+02
4.948874112474409230e+02
6.627488412122688715e+02
4.763701290714441825e+02
6.144864452947444988e+02
6.072360676386266505e+02
4.906136053215126935e+02
5.962446300803650274e+02
5.819115700485874640e+02
3.995452762301267171e+02
5.977034858302414477e+02
5.336978873350757340e+02
5.398742300053371537e+02
5.072964488649027430e+02
5.552635539317574285e+02
3.172326417785554327e+02
4.962337567547967865e+02
6.457023771568242410e+02
5.327458746558542089e+02
6.734104148516944406e+02
6.219229129171640125e+02
4.179337949248842392e+02
4.127422458374967391e+02
6.099673585000565481e+02
5.116926183608500764e+02
4.006223606776959514e+02
5.567366632759777758e+02
4.772640358915068646e+02
6.105429390827994212e+02
6.497316082649961118e+02
6.333055967451271044e+02
4.737918840556391729e+02
5.295353621508770630e+02
5.749260035315851383e+02
5.881894194957958462e+02
5.273041928631628252e+02
6.001535555759705858e+02
6.054598358177780710e+02
6.206182550870045134e+02
5.211507429751354721e+02
4.437637185771609438e+02
5.779487749589615078e+02
5.308467331113109822e+02
5.228528794991934774e+02
4.298290013841657355e+02
4.985748796152075784e+02
5.150121827468922220e+02
4.949219746299156100e+02
5.431317714735370146e+02
4.652639716653493451e+02
4.238441049203590865e+02
5.938062245376315786e+02
5.709921000923125121e+02
5.334250139054657893e+02
6.451757726745139507e+02
6.247854564100039170e+02
5.660164546747612349e+02
5.638138560431750648e+02
4.796387613098505653e+02
5.264324427225654972e+02
5.135843378732859037e+02
5.081325976110157399e+02
4.917807326438804694e+02
5.605649803704061469e+02
6.398846184764788632e+02
4.662938022965718119e+02
5.815016310298273083e+02
3.585088589003714787e+02
5.752221322869875166e+02
6.214402012826974442e+02
5.549989737032402672e+02
7.928718521548760236e+02
4.324322319904964047e+02
6.202047006528684960e+02
6.060807713180632845e+02
3.520790977228257361e+02
5.495821655976917555e+02
4.516885412926932304e+02
4.721715375792596205e+02
5.298873194987252191e+02
5.724912659268119342e+02
5.405008999482245144e+02
5.645155598539555513e+02
5.558584786598928531e+02
5.274946673735214517e+02
6.861065497223931970e+02
5.651870482253079899e+02
4.596086144726077123e+02
4.685390444576784716e+02
5.760221857921839046e+02
5.272086490474464426e+02
4.728119307852711017e+02
5.893495446530428126e+02
5.290473866693313312e+02
5.136656753719296375e+02
5.285505826672905414e+02
5.633208839414284057e+02
5.747244531374303733e+02
5.202970281080233690e+02
6.304497213387978718e+02
5.416486262639244842e+02
4.957888699503480439e+02
5.416551854454340855e+02
5.402634643050562318e+02
4.643840303841492982e+02
4.865914736976682775e+02
6.123300823064183760e+02
4.544670320126909360e+02
5.186943324010553624e+02
4.801850806347414391e+02
5.880476541952317575e+02
5.608977074778811129e+02
5.780663998010970772e+02
6.989189021184705553e+02
5.165878687657433375e+02
4.532711998747579401e+02
4.564065564657590244e+02
6.804127344969587057e+02
5.972313704109963055e+02
5.863396293371026786e+02
6.631021220792448503e+02
5.935360802571361774e+02
5.855516889818835580e+02
5.919834161197866251e+02
6.387655215375305033e+02
5.096398543964119767e+02
4.668196482669167722e+02
5.724209373247276744e+02
5.687852413415292858e+02
5.317899145868386768e+02
5.237410238470340573e+02
5.491380122829423271e+02
5.156462288385133661e+02
3.981451611579029191e+02
4.401654404116486603e+02
6.089771591034140101e+02
5.157648844063799061e+02
5.682447525386775169e+02
5.441626062879842038e+02
5.343737165102728568e+02
6.738851920549722081e+02
4.725919772495449820e+02
5.092585690050300968e+02
5.513408771225199416e+02
4.912764283776193679e+02
5.134900809166630324e+02
5.879491017435360618e+02
5.056818591467405781e+02
6.109633721604452603e+02
4.444476797652105802e+02
5.392881137707119024e+02
5.711641105676761754e+02
5.126762311984814460e+02
5.380067450505116540e+02
5.263211664448147076e+02
5.581573833511895373e+02
5.035507784630726178e+02
5.168217959861032114e+02
5.764345626387416814e+02
5.570134398141814245e+02
5.678835614902590123e+02
7.147913641905319082e+02
4.624060200155283269e+02
5.538451370205905278e+02
6.068183490273430607e+02
6.251161004809505357e+02
5.339824149934942170e+02
4.684372490052493845e+02
5.212126723371313801e+02
5.615541765948581769e+02
4.672498116558599577e+02
5.930578745240308081e+02
6.682895342316504639e+02
5.638126840287395680e+02
6.897652877775858542e+02
7.659274660995391741e+02
6.144366137425408851e+02
5.230639425406840246e+02
5.565130941231601582e+02
4.420349664546364465e+02
5.395321304193239484e+02
4.310423708236518223e+02
5.539260669861978386e+02
5.511927015185558503e+02
4.988512228105611825e+02
6.672980855580208299e+02
5.560879139199174688e+02
5.408199964568960922e+02
5.790276011037699391e+02
5.159834932308471025e+02
5.980391357236052272e+02
5.446719562320562318e+02
6.660765586113474228e+02
4.919691257270420692e+02
5.554179147409889765e+02
4.809638911897378648e+02
5.925344931499785162e+02
6.998637614302036809e+02
4.964186069811584048e+02
6.573952306081480401e+02
4.659362914217043112e+02
6.361632683111200777e+02
5.380032809896048320e+02
5.737145897743342857e+02
4.900408630006558610e+02
5.654903842485892937e+02
6.384009415639919780e+02
5.525252209149999771e+02
6.266692250397160251e+02
5.431858007497603467e+02
6.379674925382736319e+02
5.323045748582241004e+02
5.802952325303579073e+02
6.018513018223571862e+02
7.232025919032719230e+02
6.061589667051490551e+02
6.011159946167076669e+02
6.514822531461304607e+02
5.263198992106702008e+02
5.459864078653951083e+02
5.173089878902239889e+02
5.002428031842499081e+02
6.136725454127349622e+02
5.029703812053363663e+02
5.155382490843054484e+02
5.535996692079294235e+02
5.586971366382367705e+02
6.698505021758987823e+02
5.354948333442919193e+02
5.829105253265943247e+02
7.527004926651554797e+02
5.648186960644457031e+02
4.650498085908657231e+02
3.905420343996456722e+02
5.610048413826018532e+02
6.904887630991664764e+02
5.993595414771189098e+02
7.179405140166105639e+02
4.230532328341437278e+02
4.552872944624896263e+02
5.400907025822763217e+02
5.980658372450172919e+02
6.266435412789188604e+02
5.634501808747793348e+02
5.625158119934368415e+02
5.281519767587052456e+02
5.414244993467814311e+02
7.401427834123829825e+02
4.549378293933053214e+02
5.442962744274152556e+02
5.093127726760189944e+02
5.231683166410797412e+02
5.191894907966783421e+02
6.152832651100221710e+02
6.228185919378123572e+02
6.336103429708191470e+02
4.803012395753470969e+02
3.917679635375061480e+02
5.835225681342523103e+02
5.156086602766761189e+02
5.169974866646540477e+02
4.461731563720456961e+02
5.831830164392221150e+02
5.094837740286864687e+02
5.474592579647202228e+02
6.375524251377087239e+02
5.465330039428890814e+02
6.319611848248815704e+02
5.908842566746388911e+02
5.042361067351185397e+02
5.710532047516070406e+02
5.535429138658294050e+02
6.291944351372011397e+02
5.317283391750545434e+02
6.733267933067372724e+02
6.166208291530572296e+02
6.676613125054666398e+02
4.437066266681565594e+02
4.674677944534732319e+02
4.662931928673948505e+02
5.252921239971358318e+02
7.403616249512947434e+02
5.231291190031604401e+02
5.274716453971088868e+02
4.627744537664631252e+02
4.865064018972323083e+02
6.415666635680108811e+02
5.254815128316255368e+02
5.078381194158494054e+02
5.534101688068992644e+02
4.368106434914593024e+02
6.668121555029704268e+02
5.527851116629078660e+02
5.396526745825600528e+02
4.627317015793735777e+02
6.223985635740772295e+02
4.960680169884926158e+02
6.121222439552136620e+02
5.314414458622190978e+02
5.481390898809131613e+02
6.235878425940900343e+02
5.862992096236060888e+02
5.940373936501814569e+02
4.786558548015183305e+02
4.511876949385002149e+02
5.261767995111936216e+02
5.679957665930679696e+02
5.238485080739606019e+02
6.436653470732876485e+02
4.855047054851218604e+02
6.777791193725629455e+02
6.017339945402799231e+02
6.013028202993153855e+02
5.133671051163549919e+02
5.675938047133686268e+02
5.310221117401706579e+02
4.939248996363397737e+02
5.245863778075295158e+02
4.980881896941346554e+02
3.851856436178728700e+02
5.383252076727216036e+02
5.460484432356342950e+02
5.047479712951129613e+02
5.525363927892025231e+02
5.959856493790468903e+02
4.865064015144137670e+02
5.898213275042676287e+02
5.564221329163640348e+02
6.018679534861897764e+02
6.469167935995089920e+02
4.894512621678727555e+02
4.656413646112935112e+02
4.461470947450390554e+02
4.295584825884535576e+02
5.631366095606668978e+02
5.406717489711786584e+02
5.032400597577960184e+02
6.224254445139466725e+02
5.301981239002858501e+02
5.832481582898150236e+02
4.821161108182149633e+02
5.324983989529081327e+02
4.855785641151100549e+02
5.769529879350475312e+02
4.976083449056999370e+02
6.328005595696424734e+02
6.610289181092690569e+02
6.228299295107116222e+02
5.234964985280881820e+02
7.108505574498187798e+02
6.254342182555201362e+02
5.395979876137948850e+02
4.591506080771588927e+02
5.118402381749057213e+02
