1.576817916281477924e-02
2.739993983325781507e-02
3.903170050370084743e-02
5.066346117414388672e-02
6.229522184458692602e-02
7.392698251502996531e-02
8.555874318547299073e-02
9.719050385591603003e-02
1.088222645263590693e-01
1.204540251968021086e-01
1.320857858672451479e-01
1.437175465376881733e-01
1.553493072081311988e-01
1.669810678785742519e-01
1.786128285490172773e-01
1.902445892194603305e-01
2.018763498899033559e-01
2.135081105603463814e-01
2.251398712307894345e-01
2.367716319012324599e-01
2.484033925716755131e-01
2.600351532421185108e-01
2.716669139125615362e-01
2.832986745830045616e-01
2.949304352534475870e-01
3.065621959238906680e-01
3.181939565943336934e-01
3.298257172647767188e-01
3.414574779352197442e-01
3.530892386056627696e-01
3.647209992761058506e-01
3.763527599465488760e-01
3.879845206169919014e-01
3.996162812874349268e-01
4.112480419578779522e-01
4.228798026283210332e-01
4.345115632987640586e-01
4.461433239692070840e-01
4.577750846396501094e-01
4.694068453100931348e-01
