2.571494728680134845e-02
2.984242901609149290e-02
3.473357179068702061e-02
4.125878322994601388e-02
5.055882344132355682e-02
6.386681925143652960e-02
8.223335861116810863e-02
1.061868808816672782e-01
1.353969984405674343e-01
1.684443622021900289e-01
2.028152224005941029e-01
2.352072045670327571e-01
2.621461439568503748e-01
2.807937587451007633e-01
2.897223150205989195e-01
2.894004619830717884e-01
2.822030353990761520e-01
2.719091919501300803e-01
2.628291081771509941e-01
2.588287749097742951e-01
2.625556299662054061e-01
2.750957920287306346e-01
2.961455820866110700e-01
3.246071832254318057e-01
3.593761057794361835e-01
4.000216501044790984e-01
4.470946324798070193e-01
5.019240142943218741e-01
5.659491738405005856e-01
6.398166365379354126e-01
7.225816551299689694e-01
8.113457827055268190e-01
9.015209896295577341e-01
9.876800943162081792e-01
1.064717756306413410e+00
1.128906316173059254e+00
1.178457486304990365e+00
1.213396360481250769e+00
1.234839107623358023e+00
1.244009492515045778e+00
1.241415164828140183e+00
1.226495680374238617e+00
1.197818294170856834e+00
1.153667226465908691e+00
1.092761332242104366e+00
1.014869661587500360e+00
9.212071551676048742e-01
8.145863845618797061e-01
6.993264066686583069e-01
5.809044670130708576e-01
4.653464539648446419e-01
3.584227701621237050e-01
2.648158042330189810e-01
1.874806145744645491e-01
1.273793021590822749e-01
8.364258498202732650e-02
5.406489880599504860e-02
3.574529443935736683e-02
2.568072532512021694e-02
2.118492359157137656e-02
2.009818330878945444e-02
2.082617634985944183e-02
2.227790584112167294e-02
2.376763806879602162e-02
2.492049408919875045e-02
2.559439047634949269e-02
2.581345525974041571e-02
2.570315624231613374e-02
2.542263094265510837e-02
2.509961578335967100e-02
2.478176366325070615e-02
2.442000664738805046e-02
2.389284270682364222e-02
2.306692228590506363e-02
2.187468914181635651e-02
2.038102808230878374e-02
1.881263648819721246e-02
1.753603127158306560e-02
1.698766640924361318e-02
1.757532770760316526e-02
1.957811093945383343e-02
2.307110428926128706e-02
2.789235943301672169e-02
3.365771255111957294e-02
3.981738563598453268e-02
4.573996798485342047e-02
5.080590797284990912e-02
5.449394191417631511e-02
5.644817910068428146e-02
5.651830436488056164e-02
5.476891650171399062e-02
5.145680992042057922e-02
4.697881481093941353e-02
4.179862998439820565e-02
3.636741926438353395e-02
3.105632903866440558e-02
2.611654228867940283e-02
2.167392679248504594e-02
1.775401048056539019e-02
1.432375736623292539e-02
