3.578809604388765706e+02
6.496965282439632574e+02
9.068222861978993024e+02
1.351384482191724373e+03
1.533962693855367661e+03
2.027925459655540408e+03
2.327652454197216684e+03
2.696944983200180104e+03
2.980942002503434196e+03
3.271493654195923682e+03
3.496313118250112893e+03
3.818083609832120146e+03
4.178150300999295723e+03
4.442887427981675501e+03
4.679068063731708207e+03
5.045255095927193906e+03
5.552283112075935605e+03
5.885281805483371500e+03
6.229762042742537233e+03
6.533606630839321042e+03
6.825239946546928877e+03
7.052294075598817471e+03
7.481250918805778383e+03
7.973322423100109518e+03
8.263476462659247773e+03
8.611478476166106702e+03
8.950632604662871017e+03
9.303576098505420305e+03
9.635493945234189596e+03
9.989116860671116228e+03
1.037291462526037503e+04
1.066662073978785156e+04
1.090933564070173998e+04
1.129705092295538634e+04
1.158160009120237009e+04
1.187559080032705424e+04
1.214553552265909457e+04
1.236521744270103591e+04
1.260640819791192189e+04
1.303571015382261066e+04
1.343410746707338694e+04
1.387922442661759123e+04
1.421149576033692574e+04
1.482784625398186654e+04
1.515481201696425705e+04
1.550587126944731790e+04
1.585450587704049758e+04
1.607134601621319234e+04
1.630785698797335317e+04
1.667666573700363369e+04
1.696182280160476512e+04
1.722724225000574006e+04
1.749751107978325672e+04
1.766554277325437943e+04
1.803230872059742615e+04
1.847807368492083697e+04
1.875673617771505815e+04
1.915407309161600642e+04
1.950004298855886736e+04
1.979802542705258384e+04
1.999916206585237887e+04
2.022704471632522836e+04
2.053331517997178526e+04
2.087376754591953795e+04
2.117636527604989169e+04
2.142639837718795025e+04
2.166308840812802373e+04
2.196328623418282950e+04
2.235471499816334472e+04
2.287046488270668488e+04
2.329059945704251004e+04
2.351213813285503784e+04
2.382551858111010733e+04
2.419006671288377038e+04
2.444026839315498364e+04
2.490081456306443943e+04
2.520929221916239112e+04
2.543879312517061408e+04
2.576473200068966980e+04
2.609749207086616298e+04
2.645802798262554643e+04
2.689119724276272245e+04
2.710214644787115321e+04
2.740846427276037866e+04
2.774720235519832568e+04
2.798644679980860383e+04
2.824667934609828444e+04
2.862933233988181019e+04
2.897933726377789935e+04
2.931918187584819680e+04
2.962219496572044227e+04
2.989383569477744095e+04
3.044369617792871577e+04
3.072912039447470306e+04
3.124035321398486485e+04
3.150425463070208934e+04
3.182471044539567447e+04
3.209619993630501631e+04
3.258487634357144270e+04
3.291415817486980814e+04
3.326633206018522469e+04
3.371192762597525143e+04
3.396890071258877288e+04
3.418143966164502490e+04
3.457459585284321656e+04
3.481201656869776343e+04
3.515691746499456349e+04
3.565541337398692121e+04
3.599118042621740460e+04
3.630733849189909233e+04
3.649551550924888579e+04
3.689684591299641761e+04
3.723165382236920414e+04
3.750355563278628688e+04
3.776914228875387926e+04
3.808176975593694078e+04
3.852846458861042629e+04
3.889988856386940461e+04
3.908735142704293685e+04
3.940698062751175894e+04
3.968397893149328593e+04
3.993407858738322830e+04
4.031312015330216673e+04
4.048411479527650226e+04
4.069685032047217101e+04
4.092650240565971762e+04
4.122016398932436277e+04
4.144107396858632274e+04
4.196031657912546507e+04
4.231515637966258510e+04
4.259120782630118629e+04
4.292235223897196556e+04
4.314752667614824895e+04
4.353638042047615454e+04
4.400092836486724991e+04
4.432539955361595639e+04
4.464166847589044482e+04
4.495133061463683407e+04
4.520164436801955162e+04
4.552682304874865804e+04
4.597408380123999814e+04
4.620110238936370297e+04
4.650535231146545266e+04
4.684875827274492622e+04
4.706325553992023924e+04
4.749908809496639151e+04
4.800157723029777117e+04
4.844037295444545452e+04
4.879506766304985649e+04
4.923658282193255582e+04
4.958566207659815700e+04
4.990934388883812790e+04
5.022659191161538183e+04
5.067192034940257145e+04
5.099193564938808413e+04
5.123370393516256445e+04
5.166156828566968034e+04
5.199475404794013593e+04
5.239950647544133972e+04
5.286809935778281215e+04
5.309221652411603282e+04
5.339061911744156532e+04
5.373624728600000526e+04
5.400252222593523766e+04
5.426618041724924842e+04
5.458968100155952561e+04
5.483956821696702536e+04
5.510108721897121723e+04
5.540938711059758498e+04
5.581809775141872524e+04
5.605299033302409225e+04
5.630791646611446049e+04
5.676554137697208353e+04
5.708885552074924635e+04
5.733356892701014294e+04
5.758731837233716215e+04
5.785767880603906815e+04
5.813686271134250273e+04
5.853739256093851873e+04
5.876760295536501508e+04
5.912866994064847677e+04
5.947554387761912221e+04
5.974555320590056363e+04
5.996174822371607297e+04
6.038671447295694816e+04
6.063042307267676370e+04
6.102009301882593718e+04
6.126481387874347274e+04
6.152124006172346708e+04
6.181724001923869218e+04
6.215030006383446016e+04
6.259206396827812569e+04
6.279743875701686193e+04
6.311351541855405958e+04
6.334244213729379408e+04
6.379009704696107656e+04
6.401814172040370613e+04
6.432116567727241636e+04
6.460517633005231619e+04
6.497043864646518341e+04
6.516228360827136203e+04
6.556931066836083482e+04
6.594210706057035713e+04
6.622485800089874829e+04
6.662704672703387041e+04
6.706262587736820569e+04
6.743770691270772659e+04
6.774620012696168851e+04
6.803893972849735292e+04
6.852170697106271109e+04
6.897124810596878524e+04
6.921513037649606122e+04
6.955606713186096749e+04
6.998166946424789785e+04
7.041020323811894923e+04
7.079631688547442900e+04
7.124086539317744609e+04
7.151416154713265132e+04
7.181475402163078252e+04
7.241084609436994651e+04
7.269706818163757271e+04
7.303048324743057310e+04
7.352331975147387129e+04
7.380888995164691005e+04
7.408378045424987795e+04
7.448400839387146698e+04
7.476886825426429277e+04
7.498118848316118238e+04
7.531453005247756664e+04
7.581201638557214756e+04
7.614925151977223868e+04
7.647316857021227770e+04
7.672156116763973841e+04
7.703410538863886904e+04
7.722485319395070837e+04
7.753029168935697817e+04
7.786351731191208819e+04
7.824437802000276861e+04
7.871192129297867359e+04
7.895717296223275480e+04
7.917934921991878946e+04
7.974729306945204735e+04
7.994374773493870453e+04
8.019397744906622393e+04
8.065029823787977512e+04
8.097752164699448622e+04
8.123534380691802653e+04
8.145472162472551281e+04
8.170355373859513202e+04
8.206291816019028192e+04
8.229258243381210195e+04
8.252643277367083647e+04
8.297682341676992655e+04
8.342327061660915206e+04
8.372222759161594149e+04
8.413665937916889379e+04
8.433655076075917168e+04
8.473444651704598800e+04
8.500704546936972474e+04
8.530063542283240531e+04
8.562859504640699015e+04
8.594007972316312953e+04
8.618507393275265349e+04
8.663259864425644628e+04
8.704834969755516795e+04
8.760812255473261757e+04
8.808912776802921144e+04
8.841706731881738233e+04
8.883596283301718358e+04
8.909059846213097626e+04
8.943668659332898096e+04
8.967093589650058129e+04
8.990978881762990204e+04
9.021524202283559134e+04
9.063222673351562116e+04
9.088021946305889287e+04
9.132238939124220633e+04
9.163235636043841077e+04
9.183063289304479258e+04
9.228941014384909067e+04
9.268219423364358954e+04
9.311752233666578832e+04
9.347803311999146536e+04
9.386381329256217577e+04
9.423692610500397859e+04
9.455188450182022643e+04
9.485479517845122609e+04
9.514692195347508823e+04
9.555422856512275757e+04
9.603262540741176053e+04
9.628605649745056871e+04
9.670303031002794160e+04
9.695501894842185720e+04
9.733163574582771980e+04
9.768453198786622670e+04
9.797645137552404776e+04
9.824932514958438696e+04
9.857601810143765761e+04
9.884075436839967733e+04
9.923364785832366033e+04
9.979183036948276276e+04
1.000356491217486910e+05
1.003428813801353972e+05
1.005977390367023327e+05
1.009278488749875396e+05
1.014664676188426820e+05
1.018765803283152491e+05
1.022223916823894833e+05
1.024934121209782315e+05
1.027194368646755465e+05
1.030880889889876125e+05
1.033630249436054000e+05
1.037278250493384694e+05
1.039940203184067068e+05
1.042575120272873755e+05
1.045327510059377673e+05
1.050939921621651883e+05
1.053354604240148328e+05
1.057478076730988541e+05
1.059875346206115501e+05
1.064173952349921310e+05
1.068386452781445405e+05
1.071444153348013788e+05
1.076005164637150010e+05
1.078868404669914744e+05
1.082883547583258478e+05
1.086261951022086578e+05
1.089341552091105841e+05
1.092067379636526457e+05
1.094087136350366200e+05
1.096514405145784549e+05
1.100145823763280350e+05
1.102985015873849916e+05
1.105646087744412071e+05
1.108291421158232988e+05
1.111452202781126252e+05
1.115569571498122823e+05
1.119028951681260660e+05
1.123106087577707513e+05
1.126522239940884465e+05
1.131927460788901371e+05
1.137564134851878916e+05
1.140958575294176553e+05
1.145083782401196077e+05
1.147679789997833432e+05
1.151114014557295450e+05
1.153793547619432647e+05
1.156358269497096335e+05
1.159291605977564323e+05
1.162822577895667782e+05
1.165644625738239847e+05
1.168299631867546705e+05
1.172429475365152175e+05
1.174729219919706229e+05
1.180221270421638328e+05
1.183416601512522175e+05
1.188235461115611251e+05
1.191393200073282496e+05
1.194903491867067351e+05
1.197778869969124935e+05
1.201567665965798224e+05
1.205151460474410997e+05
1.207760641217839293e+05
1.212869192780196026e+05
1.216200643936761044e+05
1.218686665965228894e+05
1.223406937000495382e+05
1.224906289191740361e+05
1.227637511803601956e+05
1.231995841917403450e+05
1.234943072578764113e+05
1.239054901652077533e+05
1.241720022914941655e+05
1.244891718501708383e+05
1.247057779328139877e+05
1.250769580218515184e+05
1.254201466883920657e+05
1.257791129792777210e+05
1.261196425464185886e+05
1.264643150681894622e+05
1.268447180516145309e+05
1.270905061515413690e+05
1.274672356069858361e+05
1.278471135745614883e+05
1.282889769369891583e+05
1.285592548950731434e+05
1.290677073038312228e+05
1.295217853536400362e+05
1.298503249948783341e+05
1.301748885920371686e+05
1.305154421968329552e+05
1.308445482145851420e+05
1.311976531009098107e+05
1.315739561049420154e+05
1.321198440382013214e+05
1.323410167883921531e+05
1.327350218801908486e+05
1.330504421896720014e+05
1.335070095413403469e+05
1.339328882764589798e+05
1.341799926588251838e+05
1.344848966863118403e+05
1.349447381253774511e+05
1.352949909993830370e+05
1.357536873095725896e+05
1.361470693426873186e+05
1.363702389657581516e+05
1.366616392585038848e+05
1.370032825506047811e+05
1.372732594050922198e+05
1.374798044042919937e+05
1.376838046515497845e+05
1.380768183014111128e+05
1.383863576320859429e+05
1.388853775722288701e+05
1.391059360271573241e+05
1.394794836552063061e+05
1.397737120138552564e+05
1.400219722225670121e+05
1.403624825844758889e+05
1.407710167884122930e+05
1.411647808981582930e+05
1.413266963076340908e+05
1.415096501820421545e+05
1.417518347448157147e+05
1.419936529182297527e+05
1.423290162018185656e+05
1.427545267184242257e+05
1.430279645627975988e+05
1.432968351137875870e+05
1.437206054612820735e+05
1.440446831808297720e+05
1.443258217448960932e+05
1.446343635880123475e+05
1.450713411112814792e+05
1.454669421089185344e+05
1.456322310366823804e+05
1.458756391454608820e+05
1.462093080691380310e+05
1.466056051802932925e+05
1.468201378780678788e+05
1.471270200106514094e+05
1.474260638196165382e+05
1.479125230512213311e+05
1.481700924016557110e+05
1.484134240530289535e+05
1.488038800486898108e+05
1.491897429574642447e+05
1.494047043766388670e+05
1.496423176822737441e+05
1.500223439743133204e+05
1.503224346170031931e+05
1.508240454208793526e+05
1.511776812748892407e+05
1.514685846760539862e+05
1.517157976719876169e+05
1.520058916989720310e+05
1.522251258966111927e+05
1.526109264187933004e+05
1.528304090411919751e+05
1.530959333947410632e+05
1.534100489188391366e+05
1.539216309259188129e+05
1.542218853856484056e+05
1.545744475451289036e+05
1.549991986319951247e+05
1.552741287715630315e+05
1.555217696504166815e+05
1.559431164448604977e+05
1.563476615946624370e+05
1.565852450247873785e+05
1.568118399893487513e+05
1.570298730928261066e+05
1.574144255150489043e+05
1.576607362679617072e+05
1.581866161166893726e+05
1.583761366239612980e+05
1.585805862273546809e+05
1.590079544932167628e+05
1.594320949717650365e+05
1.597076425488931418e+05
1.599670472611844016e+05
1.602397075642964046e+05
1.604890357837488118e+05
1.608067402657099592e+05
1.611420022994373576e+05
1.613662850506031536e+05
1.619548060779938824e+05
1.622253932910444273e+05
1.625551677156804653e+05
1.628533471660245850e+05
1.631776690990788920e+05
1.636921351317501976e+05
1.641093438492677233e+05
1.644130021063305030e+05
1.645756407411727705e+05
1.649269989562289265e+05
1.653724840525013278e+05
1.656413447649555746e+05
1.660327040859684057e+05
1.664070604797916312e+05
1.666390020825963584e+05
1.668938422874240205e+05
1.671556530277575366e+05
1.673122556720004941e+05
1.676174626842688886e+05
1.678226974260419083e+05
1.680977749962999951e+05
1.684934920229151612e+05
1.688143427014918416e+05
1.690691821933028405e+05
1.694846765016034769e+05
1.697194463281463541e+05
1.703341907694675901e+05
1.707251504636803002e+05
1.710957871942783822e+05
1.716015929840230092e+05
1.717815832806238031e+05
1.720699617719121743e+05
1.723178475092957378e+05
1.726524691819053260e+05
1.728634583019902930e+05
1.731323705940187792e+05
1.736539677898629161e+05
1.739907764848147926e+05
1.744996161464234465e+05
1.747810634421909344e+05
1.751567784624636988e+05
1.753551655568882416e+05
1.756391157001859683e+05
1.759632243172690505e+05
1.762952209409665957e+05
1.765906742795241298e+05
1.769051003196806705e+05
1.772755688262213371e+05
1.775432820404024096e+05
1.778958035331875144e+05
1.781534189023267245e+05
1.783525379084350134e+05
1.786500717712768819e+05
1.789968566102909681e+05
1.794396177312442742e+05
1.797281833903754305e+05
1.799608971413259860e+05
1.801712992877751240e+05
1.803569526556003839e+05
1.805450494718233822e+05
1.808977966085179651e+05
1.812204934742725745e+05
1.814785441508880176e+05
1.819066654136562429e+05
1.821423253581289318e+05
1.824927184980417951e+05
1.828896310689662641e+05
1.832234660998088366e+05
1.835015815336790110e+05
1.838871913229687489e+05
1.840607490878181998e+05
1.845082931230106042e+05
1.847732767371915397e+05
1.851903455784675607e+05
1.853616739749094995e+05
1.856975170226313639e+05
1.860083302627752419e+05
1.862068595159691758e+05
1.864272711527057108e+05
1.867424818659075827e+05
1.869394108082666062e+05
1.871855229969584616e+05
1.874835710612741241e+05
1.877294760435681092e+05
1.880650537170634198e+05
1.885115737259837624e+05
1.888440700688674697e+05
1.892394903197913081e+05
1.894576504095701093e+05
1.899375251899748691e+05
1.901388224453637667e+05
1.903525906594980042e+05
1.907687671753529576e+05
1.911698608086770982e+05
1.914748675942888076e+05
1.917569585021159146e+05
1.920818517391671485e+05
1.923385304049936822e+05
1.926882405613012379e+05
1.930165420267671579e+05
1.933827852373232599e+05
1.937049723025712301e+05
1.940170425696983584e+05
1.942729939913461276e+05
1.946457237354561221e+05
1.949397371316684294e+05
1.954946410742144508e+05
1.958112752636823279e+05
1.961043614508684550e+05
1.964801137149469578e+05
1.967951461544976337e+05
1.971014136878483114e+05
1.973366094189241703e+05
1.976541420535469369e+05
1.980024489478924952e+05
1.985127055878532410e+05
1.988252460569017276e+05
1.991482868849582737e+05
1.995606748126035964e+05
1.997307891654456616e+05
2.000832728452916781e+05
2.003792472539395385e+05
2.007675579464786861e+05
2.010817550144772977e+05
2.015518774441586866e+05
2.018551490424899384e+05
2.021892309689548856e+05
2.024968926932100148e+05
2.027638102077321382e+05
2.030820749847004481e+05
2.033697136812356184e+05
2.038462924125482677e+05
2.041174325850782916e+05
2.044659627445404185e+05
2.049299777873269340e+05
2.052332138919277058e+05
2.054793217780361883e+05
2.057412735163772595e+05
2.061473917658251594e+05
2.064853529570371611e+05
2.068436511930681299e+05
2.071082714422396384e+05
2.072971898003991228e+05
2.075528263429172512e+05
2.079796036255692306e+05
2.083191243088966585e+05
2.086106039996846812e+05
2.088849367151246406e+05
2.090740643840411794e+05
2.092925827967162477e+05
2.098393966088237357e+05
2.101293243690015515e+05
2.103316981123837468e+05
2.107018991464470746e+05
2.111840833609950496e+05
2.114409089758293412e+05
2.117594499006580154e+05
2.121263666687977384e+05
2.125050284008084564e+05
2.127629747419597115e+05
2.133646832188761327e+05
2.137054989192982612e+05
2.140699305205436540e+05
2.144382367240443709e+05
2.147646972395686607e+05
2.151870400109861221e+05
2.154744494018203986e+05
2.157886651044199825e+05
2.163026708502759866e+05
2.165527346396717476e+05
2.169303327627418621e+05
2.174509628449149895e+05
2.177087249754439399e+05
2.179698649346631137e+05
2.181873865842376545e+05
2.184585818161816278e+05
2.188211485752497683e+05
2.192279925462715037e+05
2.194766310035648639e+05
2.197714399612829147e+05
2.201960558599488577e+05
2.204023356552446785e+05
2.206775964618224534e+05
2.212749373551624594e+05
2.215508788775938738e+05
2.218696168436154549e+05
2.221973398038529267e+05
2.225002467594490154e+05
2.229257664803617517e+05
2.233519712301634718e+05
2.236191653163751471e+05
2.239451854183608957e+05
2.243400376796448545e+05
2.247594750212098879e+05
2.251212730659920780e+05
2.254580155654166883e+05
2.257870597167488304e+05
2.262724518312082801e+05
2.265594651275831857e+05
2.269270854010116600e+05
2.271393631680792314e+05
2.274956825952899526e+05
2.278111646352636453e+05
2.280882669046150986e+05
2.283939109627694997e+05
2.286593161787621211e+05
2.289895826055138605e+05
2.292491201808084152e+05
2.296221356265732902e+05
2.299754213537121250e+05
2.304082992980408599e+05
2.306385328634804173e+05
2.308982215174794546e+05
2.311640716190956300e+05
2.315109195813267434e+05
2.318994930195186753e+05
2.323130246568017756e+05
2.327674585940044781e+05
2.331691792274371837e+05
2.333544640062805265e+05
2.336679828691510193e+05
2.341360886308684421e+05
2.344800877627178270e+05
2.347174374167028291e+05
2.350677871707390295e+05
2.353478798130433133e+05
2.356318461816401687e+05
2.359488199845711351e+05
2.362471742288167879e+05
2.366302617846542562e+05
2.368723315114314901e+05
2.372003652125067892e+05
2.375579411589766096e+05
2.377827246100337070e+05
2.380272084580449155e+05
2.384570448596623319e+05
2.387275106319439656e+05
2.390100288572114951e+05
2.394430753176786820e+05
2.397350365098882467e+05
2.401265025952091673e+05
2.404297381082609063e+05
2.408077551669602981e+05
2.411233099553099892e+05
2.414789379288608325e+05
2.417795896554790670e+05
2.420137127785945777e+05
2.422723749926813471e+05
2.426741266860314354e+05
2.429198628188741277e+05
2.434238616813135741e+05
2.437772643225503562e+05
2.441633633416686789e+05
2.443697902554534085e+05
2.446888916080179042e+05
2.450068420522976085e+05
2.453479152528537088e+05
2.456713223341886187e+05
2.459558990142603579e+05
2.461801452642483928e+05
2.464939025819622038e+05
2.467410479966240528e+05
2.470608372673123959e+05
2.473746699091185583e+05
2.475690934889028431e+05
2.479293731297501363e+05
2.482222683651223197e+05
2.485268338670089142e+05
2.487490845541615272e+05
2.490253343934642908e+05
2.493100663832727878e+05
2.496632680784330005e+05
2.500113318970832916e+05
2.502816070877104357e+05
2.506962071339736285e+05
2.509710448171180615e+05
2.513516845460982295e+05
2.517398851512136753e+05
2.520321603615728964e+05
2.523925006208985287e+05
2.528119083402905380e+05
2.531459512087327312e+05
2.534547256591498153e+05
2.539440101439000282e+05
2.544590804925457342e+05
2.548030051895413781e+05
2.550965815183156810e+05
2.553219206546150381e+05
2.556898464367637935e+05
2.560479711365172989e+05
2.563727714595807774e+05
2.568015348967217724e+05
2.570228634446701908e+05
2.574398726533775916e+05
2.577646237360837986e+05
2.581049404585737502e+05
2.585286173393686186e+05
2.591346834071092017e+05
2.594629529391057731e+05
2.598383439566597517e+05
2.603526803122435231e+05
2.607232334267930419e+05
2.610849276164269831e+05
2.613689597852311272e+05
2.615497518285013502e+05
2.617914499638571579e+05
2.620790735931356903e+05
2.625125267848591902e+05
2.629616161617725156e+05
2.635782648847809178e+05
2.638773353089364828e+05
2.642274974293456180e+05
2.646774545528715244e+05
2.650001517467552330e+05
2.653875238063480356e+05
2.656708448919266229e+05
2.660759605401942390e+05
2.664109905966718215e+05
2.666680641325651086e+05
2.670879431755001424e+05
2.674806532997501199e+05
2.678326825297554024e+05
2.683957481581124011e+05
2.687544510121598723e+05
2.691823444064654177e+05
2.695119100270455820e+05
2.699235771356520127e+05
2.702165861772877397e+05
2.706492797034890391e+05
2.710050078456246993e+05
2.713316093364147819e+05
2.715705879113152623e+05
2.719758027397220721e+05
2.723012606922276318e+05
2.725713595633180812e+05
2.728200036357934587e+05
2.730868259691922576e+05
2.733974608041830943e+05
2.739454018935712520e+05
2.742609442356144427e+05
2.745102305014567100e+05
2.750023635770267574e+05
2.752750081577168312e+05
2.755811039411791135e+05
2.759071046276726411e+05
2.763407117991895066e+05
2.765860282820642460e+05
2.770054117461681017e+05
2.772509123731696163e+05
2.774916040249993093e+05
2.777946087138932198e+05
2.780332406088890857e+05
2.784454518041954143e+05
2.787824376306430786e+05
2.792735384376936709e+05
2.794794661599494866e+05
2.796505062153046601e+05
2.798637596167479642e+05
2.801970233861600864e+05
2.805889989837537287e+05
2.809247901388615719e+05
2.812621087292549782e+05
2.817565054620742449e+05
2.820479584919398767e+05
2.824375983862485155e+05
2.828002949895355850e+05
2.830911564051610767e+05
2.833915150088432711e+05
2.839931308291442110e+05
2.843059902193261078e+05
2.848456196778403828e+05
2.851101186906393268e+05
2.854750765088350163e+05
2.858140740173362428e+05
2.860642736102732597e+05
2.863155706678995048e+05
2.866102053675491479e+05
2.868836044017813983e+05
2.873398642669474939e+05
2.876333269877133425e+05
2.879605640468727797e+05
2.881759895955168176e+05
2.885561376797740231e+05
2.889520842216291931e+05
2.892823583146766759e+05
2.896248779114182107e+05
2.900134011211675825e+05
2.903664212573220138e+05
2.906290562283134786e+05
2.909537888828578289e+05
2.914008399944835692e+05
2.916369181321361684e+05
2.919516422586110421e+05
2.921954497409748146e+05
2.925069259817224811e+05
2.928487262188031455e+05
2.932998306052709813e+05
2.934710848875384545e+05
2.939010625058781006e+05
2.941352996738616494e+05
2.943723382355117938e+05
2.946672961267704377e+05
2.949789280921566533e+05
2.953161449424790917e+05
2.955195725148593192e+05
2.957404060774083482e+05
2.959449350881042192e+05
2.963677280651332694e+05
2.967159519963551429e+05
2.970294530680489261e+05
2.973886831233833800e+05
2.976329930146493134e+05
2.979225761515756021e+05
2.982614944845208083e+05
2.987853981366794906e+05
2.991168865353811416e+05
2.993836518988399184e+05
2.998278453280298272e+05
3.000729155700945994e+05
3.005407794798603281e+05
3.008374330942025408e+05
3.011369619602473686e+05
3.014036768969397526e+05
3.017509282880065148e+05
3.022675121345676598e+05
3.025081597373185796e+05
3.027342902367495699e+05
3.031971644626088673e+05
3.036747758312338265e+05
3.040664467412136728e+05
3.043989465558693628e+05
3.049223075327098486e+05
3.052471918678981601e+05
3.054717503438278800e+05
3.057043160936185159e+05
3.059068929321585456e+05
3.064445956834193203e+05
3.066340110087142093e+05
3.069009104281679611e+05
3.072440474289539852e+05
3.076201487955678604e+05
3.078778350801551715e+05
3.081457588032613276e+05
3.084997107497309335e+05
3.088296572778865229e+05
3.091799700393139501e+05
3.095666843641650630e+05
3.098379972046841285e+05
3.101757455261317664e+05
3.104227345969373127e+05
3.108250418474277249e+05
3.110661717476821505e+05
3.115326045890650712e+05
3.118939896120759076e+05
3.122865250992706278e+05
3.126463315913330298e+05
3.130029875592263998e+05
3.133895994141923147e+05
3.136342537768473267e+05
3.139749784525564173e+05
3.143424349627629854e+05
3.147611319184823660e+05
3.152923673154384596e+05
3.156126764725556714e+05
3.159125638162165415e+05
3.161657058728170232e+05
3.165436784176543588e+05
3.170953395891631371e+05
3.174076366661164793e+05
3.179777297217427986e+05
3.184092001487820526e+05
3.186348107032813714e+05
3.190996372521152371e+05
3.194048200592667563e+05
3.196681672618566081e+05
3.198311919352850528e+05
3.202676560544892563e+05
3.206770518956520827e+05
3.209939485237675835e+05
3.213199770759902894e+05
3.218594461971819983e+05
3.222304364083865075e+05
3.224813610615205835e+05
3.227962958847832633e+05
3.231169616155964322e+05
3.234478839159058407e+05
3.237482344597369665e+05
3.240126343967839493e+05
3.243386055116675561e+05
3.246227388563297573e+05
3.249637495695398538e+05
3.253889879825640237e+05
3.257598797895010212e+05
3.260692474121665582e+05
3.265008882011573878e+05
3.268055829202753957e+05
3.270799174206933239e+05
3.272815845120285521e+05
3.276273734287357074e+05
3.279292308954502805e+05
3.283577182448623935e+05
3.285933995415772079e+05
3.288236144089386216e+05
3.290439648478690651e+05
3.293823322813460254e+05
3.296266475714070839e+05
3.302353334745035390e+05
3.304635866923553403e+05
3.308075590731581906e+05
3.311914266311051324e+05
3.315169920101682656e+05
3.319621308333243360e+05
3.321882769877586397e+05
