4.087717332815233817e+01
7.096414469417392468e+01
1.418389494472918386e+02
1.782946120722720309e+02
2.345099522023309078e+02
2.555917625376856961e+02
2.982272255511668959e+02
3.519206272993234279e+02
3.966456607991452188e+02
4.333304186386193351e+02
5.186202638942273779e+02
5.791814229771105147e+02
6.597253534651706559e+02
6.967698949566902229e+02
7.513922750583078596e+02
7.852432791732370561e+02
8.222918610994572646e+02
8.568030029428530270e+02
9.142990105318427823e+02
1.005061214913082949e+03
1.047864945605007733e+03
1.074523917216220752e+03
1.136061883605039839e+03
1.193652362428886363e+03
1.217187340222135617e+03
1.269376028339542700e+03
1.311683560120751736e+03
1.376933061942687345e+03
1.434675097968102591e+03
1.504340748788103156e+03
1.522273705452504828e+03
1.548478626430472559e+03
1.611116039812972758e+03
1.637383533536135019e+03
1.671268733593695515e+03
1.721156181870979935e+03
1.830594548205959654e+03
1.857828993760972253e+03
1.896278094958255679e+03
1.961285651344789130e+03
2.015361662319625793e+03
2.062726200741381035e+03
2.085683916271869748e+03
2.115861601398521543e+03
2.139777020180832096e+03
2.168908380821374067e+03
2.212337106403498638e+03
2.271989623534712337e+03
2.337122779861478648e+03
2.372360377189011160e+03
2.399222694062012124e+03
2.427007738554863408e+03
2.478351164274204166e+03
2.534086919071923603e+03
2.554314927872190765e+03
2.613583648855633328e+03
2.670812363089374230e+03
2.724024777069173524e+03
2.745572563332460049e+03
2.763302133393575332e+03
2.791631535455180256e+03
2.832320616103143038e+03
2.859760617409345741e+03
2.889065054124412200e+03
2.906766235519598467e+03
2.937297901433041716e+03
2.953509792592737085e+03
2.980064765840277687e+03
3.020121118831557396e+03
3.063647332051067224e+03
3.083795973426326327e+03
3.117838916586193591e+03
3.151551966932425330e+03
3.196334536466760255e+03
3.233166264767075972e+03
3.278278485983438259e+03
3.335729168506487440e+03
3.363319356858296942e+03
3.388888738779557571e+03
3.414849560365491016e+03
3.469820058275752217e+03
3.492142956250359475e+03
3.512642457701882449e+03
3.531247672432786203e+03
3.570192803202022787e+03
3.599002947330955976e+03
3.614319669356392296e+03
3.658225236500999472e+03
3.682174476681251690e+03
3.731382000967002568e+03
3.759199061412239189e+03
3.783373122260994478e+03
3.824153030682322424e+03
3.870686676443808210e+03
3.954278338881772015e+03
3.997792774937694048e+03
4.044184085784072067e+03
4.065838113814970711e+03
4.114083384865187327e+03
4.153824466511690844e+03
4.188508438372801720e+03
4.236661910451453878e+03
4.271395148125689957e+03
4.294691807316720769e+03
4.330713851832020737e+03
4.363239956878408520e+03
4.417706218707608969e+03
4.513050438302286238e+03
4.532543075043289718e+03
4.559604834743152423e+03
4.599394470741162877e+03
4.641402232088727033e+03
4.658520700792219941e+03
4.685330257168058779e+03
4.710319856307366535e+03
4.733964190206824242e+03
4.750808260416672056e+03
4.783605693541237997e+03
4.815725560204714384e+03
4.860003240107112106e+03
4.899891120485971442e+03
4.943837253094848165e+03
4.965645692458013400e+03
5.005349559042168039e+03
5.072937684943237400e+03
5.097681536470904575e+03
5.130026732561080280e+03
5.161717647721545291e+03
5.202564124963649192e+03
5.243374711887269768e+03
5.272930155312539682e+03
5.313268707505721068e+03
5.349815645872697132e+03
5.414090167315689541e+03
5.447022069736954109e+03
5.483031558011763991e+03
5.518082965116698688e+03
5.552576903296499950e+03
5.574929120243477882e+03
5.611774830083851157e+03
5.635931768286697661e+03
5.664824313127518508e+03
5.709217618314572974e+03
5.770789758452082424e+03
5.833688419854064705e+03
5.888541718011077137e+03
5.944683411134855305e+03
5.975835141603567536e+03
5.994527981748910861e+03
6.022050171970243355e+03
6.065813393444307621e+03
6.126526832241561351e+03
6.153868356595678961e+03
6.179233620489975692e+03
6.239991086780743899e+03
6.284838801016632715e+03
6.332481376279107280e+03
6.377028584266105099e+03
6.439897256845724769e+03
6.493147222632886951e+03
6.514598477265384645e+03
6.534801829818478836e+03
6.553228564788849326e+03
6.572935362125538632e+03
6.603694997225022234e+03
6.631012109667675759e+03
6.675858461268085193e+03
6.697374348698228459e+03
6.734295154117568927e+03
6.757588993139172999e+03
6.778517149749239252e+03
6.806827063496791197e+03
6.840431420207446536e+03
6.878651807749824911e+03
6.913905388958565709e+03
6.977904161587195631e+03
7.009415684686670829e+03
7.049221018580141390e+03
7.075493356513032268e+03
7.095618675080339926e+03
7.143606566811617995e+03
7.210421267238601104e+03
7.240778512785670500e+03
7.315123570543513779e+03
7.376863744153964944e+03
7.435388052903739663e+03
7.455948541531576666e+03
7.486383678517104272e+03
7.513278349797506053e+03
7.568660403204557952e+03
7.636327255317996787e+03
7.689741373332106377e+03
7.734085584124201887e+03
7.758537557435773124e+03
7.790751747204373714e+03
7.821365947110519301e+03
7.864390026179107736e+03
7.890665749397424406e+03
7.920594285719005711e+03
7.946781556073680804e+03
7.980475688624409486e+03
8.004752772818879748e+03
8.041479038816562934e+03
8.087032310900651282e+03
8.135030985065269306e+03
8.179393919175246083e+03
8.203476861343437122e+03
8.232238396315993668e+03
8.257752040683673840e+03
8.279334946501850936e+03
8.316160240349705418e+03
8.347614336109443684e+03
8.409268814154724168e+03
8.429363628657007212e+03
8.454314616447767548e+03
8.492445776610597022e+03
8.513060663943499094e+03
8.558722717851154812e+03
8.595877906688081566e+03
8.679346542202438286e+03
8.727242328884145536e+03
8.759026992169634468e+03
8.793639412545244340e+03
8.819162657906823370e+03
8.864405588534875278e+03
8.904465309154775241e+03
8.930892494288793387e+03
8.963798385485426479e+03
8.994666038119530640e+03
9.022140078444399478e+03
9.052997989471412438e+03
9.074561767084698658e+03
9.130813988541183789e+03
9.184634976794424801e+03
9.207829925809950510e+03
9.236993427638020876e+03
9.261044201495336893e+03
9.305503002586347066e+03
9.338178533040016191e+03
9.369777193764446565e+03
9.422872750509850448e+03
9.456543119863803440e+03
9.502681672298691410e+03
9.559047978443019019e+03
9.584900404157539015e+03
9.622366707224593483e+03
9.643882152842215874e+03
9.681915250389651192e+03
9.716207838288108178e+03
9.763228199760384086e+03
9.791265003710532255e+03
9.822459407141288466e+03
9.839559762800965473e+03
9.857581042457073636e+03
9.884728377479756091e+03
9.905041442279829425e+03
9.942682654447167806e+03
9.988942716097502853e+03
1.001672022773536810e+04
1.003961021243561845e+04
1.008678329403950920e+04
1.011385612050064083e+04
1.014722706236176600e+04
1.017971310844564869e+04
1.020569090788536050e+04
1.023276098064411963e+04
1.025725801909754227e+04
1.029143016081425958e+04
1.031686483096542543e+04
1.036339502520935457e+04
1.040262331312919378e+04
1.046005604125404716e+04
1.051560852739701659e+04
1.055983061247798469e+04
1.061482257336557086e+04
1.067302791436765801e+04
1.071249879017375861e+04
1.073661919865989330e+04
1.081409437477523716e+04
1.084590074125700266e+04
1.087790637679454267e+04
1.090785893305034915e+04
1.095213649937911941e+04
1.100340798942617403e+04
1.104445841401547295e+04
1.107047760697455669e+04
1.110056187029441389e+04
1.113063963291525579e+04
1.115819208806202914e+04
1.119310677938181288e+04
1.122815339133722591e+04
1.125474557792396627e+04
1.127868172884269006e+04
1.133562651316794290e+04
1.137178511212450758e+04
1.139946950398126683e+04
1.142933632048083200e+04
1.144892757508272734e+04
1.147660690893313586e+04
1.151498997585215511e+04
1.154031921664317997e+04
1.157830451142152197e+04
1.161749953898371314e+04
1.164388115659619689e+04
1.166413204570567177e+04
1.169333211253513764e+04
1.171533488837169170e+04
1.175154706306706612e+04
1.177898400382848558e+04
1.179868469932348307e+04
1.182519305857491963e+04
1.186685309848710131e+04
1.188366967374618798e+04
1.193059220156911033e+04
1.197547124313728455e+04
1.200411327701103437e+04
1.203404742289967544e+04
1.205694124868491781e+04
1.207493811218775227e+04
1.212431765633718896e+04
1.216948402875328247e+04
1.222742799928778732e+04
1.224990823987811018e+04
1.227828123923049316e+04
1.231480745910718906e+04
1.235719559436693453e+04
1.238831221911267494e+04
1.243633712522103997e+04
1.245812381245776669e+04
1.248435279638619068e+04
1.251313177073921543e+04
1.254056811991508766e+04
1.256510101487378233e+04
1.258938703957647158e+04
1.266593355371510006e+04
1.269256203368386741e+04
1.272317486241406914e+04
1.275743442885254444e+04
1.279153521391651702e+04
1.283575169078391991e+04
1.285719129923864966e+04
1.289836627853408754e+04
1.292973405729172373e+04
1.295118484123201233e+04
1.298307342058659015e+04
1.303454446901750453e+04
1.306771724105837347e+04
1.310511393249039611e+04
1.313728062118172238e+04
1.317415879862231122e+04
1.327279037187832364e+04
1.330298986312872512e+04
1.332340756545432123e+04
1.334472235506701145e+04
1.336767928881604530e+04
1.338351077178717242e+04
1.341318481712006906e+04
1.343766197860738066e+04
1.348451028197714732e+04
1.351727228394368649e+04
1.353748168341149722e+04
1.356976705189749737e+04
1.359633291105995886e+04
1.362610582101210275e+04
1.365579585546680391e+04
1.367779391331826810e+04
1.372888809782719181e+04
1.381061172563181208e+04
1.383063669201370794e+04
1.391344728057587054e+04
1.393613236266388412e+04
1.396855584101231216e+04
1.400615087450414649e+04
1.403095187261732644e+04
1.407620126910918771e+04
1.411209126155343074e+04
1.414142693455805420e+04
1.416322942543843965e+04
1.419047146065927336e+04
1.422688057058221057e+04
1.425865381148363122e+04
1.428573425602618954e+04
1.432545601032589184e+04
1.436683039351411207e+04
1.439002113151696176e+04
1.444295380557809585e+04
1.446677485839580550e+04
1.452782094819003578e+04
1.456095653942536228e+04
1.458639153929368877e+04
1.466527523843796371e+04
1.468542465995511157e+04
1.472340752587763745e+04
1.476497799140872849e+04
1.479334280821565153e+04
1.481971548559998155e+04
1.484557189594481497e+04
1.492912974042185306e+04
1.497879204135335021e+04
1.505325045341059013e+04
1.508705349291285529e+04
1.512475128173246412e+04
1.515867970946794958e+04
1.519215618138070386e+04
1.521948430437115348e+04
1.524333253165747556e+04
1.528127842845945634e+04
1.530094200007003565e+04
1.533870991311481885e+04
1.537551735505607030e+04
1.540323497572474298e+04
1.547581222319292101e+04
1.551057567660147652e+04
1.554001262377491366e+04
1.556357245927581425e+04
1.561625043814212404e+04
1.565712708041394217e+04
1.569401042127860819e+04
1.572184090234407086e+04
1.574031885253914515e+04
1.579543112888948599e+04
1.582054074189772291e+04
1.584802967727743999e+04
1.588098432487740320e+04
1.590654276788858260e+04
1.594576566369614557e+04
1.596989755906193386e+04
1.600254921404985544e+04
1.603291370892205850e+04
1.610817079336606002e+04
1.613289878141198460e+04
1.617117435547810419e+04
1.619199038349295188e+04
1.622692372553007772e+04
1.627288675930475983e+04
1.630751634092390304e+04
1.634152684760638476e+04
1.638166935320438643e+04
1.641396031179010242e+04
1.646228515364921259e+04
1.649880658565106205e+04
1.654886020362005002e+04
1.657874174410487467e+04
1.662467618421298539e+04
1.664417172081801982e+04
1.667401292614309932e+04
1.669073573167917857e+04
1.671681754626059046e+04
1.673329256680825711e+04
1.676560460554061137e+04
1.679359970158987198e+04
1.684388634033224662e+04
1.689145913738935269e+04
1.691369043786373732e+04
1.693538604918834972e+04
1.696517621276795398e+04
1.700626194768115602e+04
1.703872112804148492e+04
1.706618223818155093e+04
1.709276722463097030e+04
1.713693727816765750e+04
1.716968145517244557e+04
1.719882804565359402e+04
1.722183881479187039e+04
1.726132166126654192e+04
1.728653270693263403e+04
1.731533374241738056e+04
1.736195551400080149e+04
1.738618920431578590e+04
1.741109179342692732e+04
1.743235808070733037e+04
1.747900464702022509e+04
1.749769146400464888e+04
1.753880158757351091e+04
1.757792247109396340e+04
1.759845847393513031e+04
1.762501486311147528e+04
1.764544352302404513e+04
1.767237099127300462e+04
1.771322311522913515e+04
1.775513839051374453e+04
1.777730814565349283e+04
1.788626419734714364e+04
1.791677871993679582e+04
1.794925822623032946e+04
1.797452987529347229e+04
1.798979454707720652e+04
1.802598685851833943e+04
1.805636757827447582e+04
1.808286761250596101e+04
1.811283940070146127e+04
1.816444571328320671e+04
1.822760935356972914e+04
1.826956028142956711e+04
1.830252107257527678e+04
1.833091964487782752e+04
1.837134668889697423e+04
1.840299802724842084e+04
1.843140809759867261e+04
1.845828290720126461e+04
1.850032342792962663e+04
1.853134192138366052e+04
1.856363395929653780e+04
1.858664231772025960e+04
1.861414578255118977e+04
1.864234266509199733e+04
1.867762578981017941e+04
1.872458244126725549e+04
1.876030065705080415e+04
1.882911728462532119e+04
1.885315090077683271e+04
1.888556434559881382e+04
1.890894149215336438e+04
1.897553390594515440e+04
1.900686566445991775e+04
1.903109378105024734e+04
1.907314375407395346e+04
1.910204821997552790e+04
1.912958437194601356e+04
1.916180883026184165e+04
1.918723178672231006e+04
1.922051137299081165e+04
1.924689834029003759e+04
1.928729245671294484e+04
1.932014081679919764e+04
1.934730479817268861e+04
1.941396428204421682e+04
1.943691964092769922e+04
1.947012356076592550e+04
1.949221300068531127e+04
1.953653821544559469e+04
1.960614390241450747e+04
1.964526842644108183e+04
1.966103938687965638e+04
1.970829911652651572e+04
1.974818960994182635e+04
1.981325025160825317e+04
1.986574853753043499e+04
1.989297378992799349e+04
1.994372639844617152e+04
1.996818640523083013e+04
2.001674102958988806e+04
2.005229894896954647e+04
2.009009429531654314e+04
2.012072861161225592e+04
2.016744980053957261e+04
2.019503701968230598e+04
2.021957924819814070e+04
2.023958028047762491e+04
2.028429780257028688e+04
2.030733426203182898e+04
2.033164323710387180e+04
2.037275378897836345e+04
2.040907047102061551e+04
2.045848973074854803e+04
2.049066915992109716e+04
2.051650275201520344e+04
2.057224038882537934e+04
2.059643864672098425e+04
2.063746661603234315e+04
2.065602783810934125e+04
2.067508882266738146e+04
2.070659833168581827e+04
2.072972764211870890e+04
2.076120925050972073e+04
2.079914253438328160e+04
2.083947575174198209e+04
2.087547037515312695e+04
2.091311886880207021e+04
2.094536384941437427e+04
2.097892535847341787e+04
2.101635286430565975e+04
2.103485098625952742e+04
2.106077188380933876e+04
2.109368614000727393e+04
2.113424813049120348e+04
2.117609846878984536e+04
2.121304144247337899e+04
2.122881000644803134e+04
2.127724466207000296e+04
2.130725582217943884e+04
2.133415121225630719e+04
2.138871947890417505e+04
2.141138114436561955e+04
2.145989595473562440e+04
2.150631643079971036e+04
2.153479681725625778e+04
2.155872838555665658e+04
2.157640884901386380e+04
2.160539257626847029e+04
2.164679394154575493e+04
2.166716384741053844e+04
2.169586372571005995e+04
2.171602263126249454e+04
2.174949119826686729e+04
2.177133521356222627e+04
2.179927413149343192e+04
2.184304760649363016e+04
2.187656286711366920e+04
2.190168036054317054e+04
2.196292345102803301e+04
2.200312266022412587e+04
2.204705470267378405e+04
2.207382380190265030e+04
2.211102372322719748e+04
2.214351355885339945e+04
2.217085895150371653e+04
2.220271076886762603e+04
2.223174790301361281e+04
2.226568217467452268e+04
2.235282965497273108e+04
2.238184826942390282e+04
2.245197709640383982e+04
2.249781609741544889e+04
2.252871938403045351e+04
2.257088345543285686e+04
2.259019011795180268e+04
2.262519553580565480e+04
2.264475660594155124e+04
2.267211827525192712e+04
2.268824469957791734e+04
2.270808175251362627e+04
2.275183833078933458e+04
2.278111756246425284e+04
2.280972371839106199e+04
2.283017525699718317e+04
2.286833492468959230e+04
2.289217954144543182e+04
2.291123168437479035e+04
2.293774295685891047e+04
2.299026866376569160e+04
2.300912819533581933e+04
2.303359506845773649e+04
2.307587908868161685e+04
2.310634825961726892e+04
2.312950940202002676e+04
2.315875719888611638e+04
2.321348139433208780e+04
2.323632460020799044e+04
2.327465030457857574e+04
2.329720854708581464e+04
2.331619464701675679e+04
2.334148421482274352e+04
2.336651222510562366e+04
2.338959452225219138e+04
2.344632918662582597e+04
2.346603962778878122e+04
2.350252392099804638e+04
2.354913083252074284e+04
2.359957964651322254e+04
2.362401836342458773e+04
2.365444811403180938e+04
2.368252198100998430e+04
2.372580611876305920e+04
2.375717277514413217e+04
2.383098795434355998e+04
2.390337349871877450e+04
2.395980360117903183e+04
2.399651769910658186e+04
2.403433263315968361e+04
2.409703888625078980e+04
2.413433979127721614e+04
2.420317327054954876e+04
2.422281105071862839e+04
2.424299195311629956e+04
2.427226120537101451e+04
2.435357287355913650e+04
2.441883418068355604e+04
2.445691667639032312e+04
2.450791372680111090e+04
2.455633734088470010e+04
2.460038419361302294e+04
2.462572293644276942e+04
2.465277858480375289e+04
2.468678248908492242e+04
2.471266936748837907e+04
2.475419039479922867e+04
2.477655147201225191e+04
2.480075795991774066e+04
2.481940270834325929e+04
2.483801937056513998e+04
2.486733376718750515e+04
2.489257611797411300e+04
2.491816280740833463e+04
2.495723461489264446e+04
2.498661632386178462e+04
2.501403266055029962e+04
2.504954702157163047e+04
2.508052878209540722e+04
2.512737517321069026e+04
2.516524372252957255e+04
2.521385852831030934e+04
2.525557518280989461e+04
2.527646430626478104e+04
2.529237296256419722e+04
2.533135803423698235e+04
2.535713732048464226e+04
2.541275706097132934e+04
2.545517299966595965e+04
2.548637091769822655e+04
2.550875662367474797e+04
2.554818580520465912e+04
2.557545311183362355e+04
2.560990375772351763e+04
2.564382217824144755e+04
2.567630135421050727e+04
2.569648807105638480e+04
2.571449673728601556e+04
2.574223702410232363e+04
2.576742058119561989e+04
2.578674310405998767e+04
2.582418392927863897e+04
2.585564789163208479e+04
2.589859118214789123e+04
2.593023189987304067e+04
2.594705050905511234e+04
2.598242779787385734e+04
2.600933283951539124e+04
2.604248091349290189e+04
2.609059086975105311e+04
2.612010892469472310e+04
2.615947521164021600e+04
2.618308383200864773e+04
2.621712925295916648e+04
2.624986521350481053e+04
2.627450824280484449e+04
2.629871534577118291e+04
2.631482833461421615e+04
2.634162980413509649e+04
2.638264245123931687e+04
2.640968464831053643e+04
2.643871518595430098e+04
2.646331227359336845e+04
2.648865415191113789e+04
2.652870928986946819e+04
2.655930825401480615e+04
2.658737556460898850e+04
2.663321627716903458e+04
2.667529907994053065e+04
2.671466868130887451e+04
2.674836257677056710e+04
2.678654844600286015e+04
2.684030796388784438e+04
2.686929434852523991e+04
2.692458936900076515e+04
2.695421298763197774e+04
2.698736294870876372e+04
2.702214273716960815e+04
2.704348975442877418e+04
2.706462633860145434e+04
2.714128641264265752e+04
2.717104726060685789e+04
2.718995709699972940e+04
2.723131861799779654e+04
2.727062057731672758e+04
2.731198275276309141e+04
2.733919276094107045e+04
2.737330341532320745e+04
2.739981523461147663e+04
2.741883688057091422e+04
2.748217853302245203e+04
2.752150284027674206e+04
2.755598197546863230e+04
2.759526872871268642e+04
2.761532199338989813e+04
2.764631471566865366e+04
2.768053277763451115e+04
2.771983282576586498e+04
2.776527710169988495e+04
2.782854211108713571e+04
2.791451587493660554e+04
2.797041813733403251e+04
2.802661656971746561e+04
2.807316878396202446e+04
2.809620235499112823e+04
2.813617804880016411e+04
2.816279056769287126e+04
2.820417852779568420e+04
2.823943988400916714e+04
2.826617980189282753e+04
2.830967638815295504e+04
2.835236808590610599e+04
2.837739097596469946e+04
2.839642519601771346e+04
2.843779157496471089e+04
2.848533546058322827e+04
2.854282087514035811e+04
2.861340748307923423e+04
2.864127548280713381e+04
2.869973348500967768e+04
2.872604992552970361e+04
2.876338592002909354e+04
2.881716903646533683e+04
2.886098130441348258e+04
2.893386280093234382e+04
2.896282332719669648e+04
2.899503076009175129e+04
2.902192006446921005e+04
2.903765073730161748e+04
2.907089934770677064e+04
2.909115503420371897e+04
2.911754547238371742e+04
2.913676735619855026e+04
2.918910681766740527e+04
2.923686133977237478e+04
2.926762572779992115e+04
2.928808249443616660e+04
2.931477183648504433e+04
2.934038966094965872e+04
2.936766723581733095e+04
2.941779411230000915e+04
2.943686290532498242e+04
2.945763316914833922e+04
2.948398351408076996e+04
2.951762857953017010e+04
2.955152191383782338e+04
2.958911934098996062e+04
2.961007426506363845e+04
2.964213299794550767e+04
2.966941385649472068e+04
2.971269447985385705e+04
2.976628821471267656e+04
2.978998700450514298e+04
2.981159018793630821e+04
2.987053421367936608e+04
2.993553720874213104e+04
2.998368509210548291e+04
3.006966008635563412e+04
3.009925342470921896e+04
3.013208881555449625e+04
3.016317521554549967e+04
3.019218792075513920e+04
3.023009268221282036e+04
3.026744104566745955e+04
3.029206930659550926e+04
3.031309707629952027e+04
3.033071205055960672e+04
3.036330750818771776e+04
3.038425684969032955e+04
3.040507736540909536e+04
3.042700918828651265e+04
3.045849468976598291e+04
3.050937316336413642e+04
3.054842829537151192e+04
3.058132802640960290e+04
3.062240027699873826e+04
3.066874066741492061e+04
3.069275196867118575e+04
3.072621869763834547e+04
3.075613371460114649e+04
3.077744668603857644e+04
3.082452278722875417e+04
3.085739542078248996e+04
3.088691805359543650e+04
3.090799130664628683e+04
3.093551501020270007e+04
3.095412725304767446e+04
3.098508961777786681e+04
3.102219203964874396e+04
3.104607630708425131e+04
3.107608862842332746e+04
3.111553218668677073e+04
3.113166601576798348e+04
3.116840115968429382e+04
3.119698423203175116e+04
3.124483316561414904e+04
3.128177747935531079e+04
3.130097066224453374e+04
3.133738036237954293e+04
3.136171389415507656e+04
3.139208062850521674e+04
3.142934608922817642e+04
3.147654601911230566e+04
3.150200622711475444e+04
3.152606807863357244e+04
3.154830277412222495e+04
3.159341941506391595e+04
3.162309543066463084e+04
3.164356057101853003e+04
3.166927895507872381e+04
3.171900719814879267e+04
3.176972626425561975e+04
3.180690283656911561e+04
3.182987027463516279e+04
3.187088002116228017e+04
3.189952167232960710e+04
3.191949823464595829e+04
3.195041258193900649e+04
3.198661839570256052e+04
3.201174167996631149e+04
3.205654614265887358e+04
3.209155493622007998e+04
3.211082629960988561e+04
3.214865833936627678e+04
3.217956145732237565e+04
3.224702650910571538e+04
3.226974257400901115e+04
3.229029626639216076e+04
3.231239014480500555e+04
3.234320362005361312e+04
3.237956017052489187e+04
3.240624457595043350e+04
3.245429962914620410e+04
3.248562415675455122e+04
3.252679529248151448e+04
3.255662792995860218e+04
3.259804617607692126e+04
3.262059153588408662e+04
3.265028128721183384e+04
3.268128743067221149e+04
3.271360829629120417e+04
3.274770085246091548e+04
3.277094254165068560e+04
3.279631855290837120e+04
3.282406895616109250e+04
3.288416328061371314e+04
3.291973488414965686e+04
3.294169760434637283e+04
3.297011877910714247e+04
3.301726042932728888e+04
3.308014510773224902e+04
3.311601002271795005e+04
3.316795067043853487e+04
3.318790881477612129e+04
3.321548038559075212e+04
3.325384851989725576e+04
3.328807694204423751e+04
3.334635792368208058e+04
3.339547507274233067e+04
3.341289886693861627e+04
3.347914964479485207e+04
3.351153255717247521e+04
3.353587883382609289e+04
3.356281870447217079e+04
3.360671573181181884e+04
3.363912608503088268e+04
3.367916414864252874e+04
3.372746720537159854e+04
3.375801065073880454e+04
3.378161162514456373e+04
3.380965072017737839e+04
3.384054996647341613e+04
3.389531011162578943e+04
3.392413589582184068e+04
3.395746456622882397e+04
3.398338187188244046e+04
3.400600004371954128e+04
3.404626765487900411e+04
3.410716483181828517e+04
3.414466344673166168e+04
3.417614948770750198e+04
3.419499811943450186e+04
3.422309932285567629e+04
3.424969289991194819e+04
3.429054414341945812e+04
3.431300279056443105e+04
3.433885072967318411e+04
3.437662031284016848e+04
3.440577330782129138e+04
3.445150763894331612e+04
3.448312479498302127e+04
3.451090028067625099e+04
3.454568382054610993e+04
3.458608310913488822e+04
3.461956375051083887e+04
3.464762656166167289e+04
3.466677974465655279e+04
3.471106610263706534e+04
3.472819403879244783e+04
3.476557157220529916e+04
3.482486928059429192e+04
3.485226862621970213e+04
3.487526433060639829e+04
3.491037646068864706e+04
3.494749665861335234e+04
3.498109417477738316e+04
3.501206686977910431e+04
3.504438043208509771e+04
3.509376874516192765e+04
3.512607432252617582e+04
3.515242688607930177e+04
3.518574461886531935e+04
3.520769379809244856e+04
3.522989156037794601e+04
3.525794887077550084e+04
3.529634911944540363e+04
3.531586561090102623e+04
3.535419406662654364e+04
3.538429356785247364e+04
3.541773894691222813e+04
3.545499091565902927e+04
3.548831824073875032e+04
3.554452230306431738e+04
3.558206360785433208e+04
3.562745924641933379e+04
3.565522361334251036e+04
3.569929145341185358e+04
3.572015667207189836e+04
3.576180709550301981e+04
3.578397100651366782e+04
