2.679254540643933780e+01
8.433756129836487503e+01
1.204688023635459047e+02
1.454415322243476680e+02
1.772969570686397844e+02
2.028907461474432239e+02
2.416743588989215255e+02
2.896610320097841509e+02
3.377466004067337622e+02
3.782595653715461594e+02
4.132444970522472545e+02
4.561168459619788678e+02
5.022744093755979407e+02
5.346112268012336699e+02
5.653231929873029458e+02
5.918568764439073675e+02
6.212542776184285458e+02
6.563665504071728947e+02
6.860394658636145095e+02
7.277899676500018131e+02
7.752394145152644569e+02
8.313472647625451373e+02
8.892736882585967351e+02
9.246795073599947727e+02
9.972512596468184256e+02
1.063879836032077492e+03
1.114753545118710008e+03
1.165993302352832870e+03
1.205670165375640408e+03
1.239732550212602746e+03
1.277091845563174957e+03
1.324626739027494750e+03
1.366300578782696448e+03
1.405717048504445302e+03
1.431674718525822300e+03
1.499096249478062646e+03
1.551792278929405711e+03
1.600108496851314612e+03
1.643251480752372117e+03
1.669276504845746558e+03
1.702595212713167939e+03
1.742927857024942568e+03
1.799222936236360511e+03
1.877264495131870490e+03
1.924124122599281236e+03
1.965089133143969775e+03
1.987303250592643963e+03
2.057944883577684777e+03
2.093021256123628518e+03
2.139524788182284283e+03
2.187544071067107780e+03
2.212183773472264875e+03
2.274595665226705933e+03
2.313590779484374707e+03
2.347207174280524214e+03
2.415636653563122309e+03
2.449997138965046815e+03
2.473837029006530884e+03
2.555938275182821144e+03
2.599886308772205211e+03
2.623026081821466960e+03
2.692407094023714308e+03
2.719070502202375792e+03
2.741830012777208140e+03
2.787319259599775705e+03
2.809181751423186142e+03
2.843636987006239906e+03
2.905588854132128745e+03
2.949060191013195890e+03
3.003872608724350812e+03
3.031224012175540338e+03
3.071703533537377552e+03
3.101959518914784894e+03
3.155193203409153739e+03
3.210070391153040418e+03
3.271669738366903402e+03
3.315694954746668373e+03
3.364882624905386820e+03
3.404015818800022771e+03
3.426954922943828478e+03
3.453026740521067495e+03
3.486927855765390177e+03
3.508648290098007692e+03
3.563181640052887360e+03
3.591908787424332786e+03
3.626300525683139313e+03
3.671543867543605757e+03
3.705609114200800832e+03
3.733477860403227623e+03
3.755473098772995854e+03
3.804329429252024966e+03
3.834508053645331529e+03
3.876806473531892607e+03
3.896903283856229791e+03
3.924724849600861489e+03
3.973309853237065909e+03
4.005039958026496606e+03
4.060433373354730065e+03
4.094473954598565342e+03
4.140684513509039789e+03
4.207172401981807525e+03
4.263139762275919566e+03
4.294903175593059132e+03
4.328227419195925904e+03
4.355637919077967126e+03
4.412288887063263246e+03
4.439861271785354802e+03
4.460603496029655616e+03
4.499429796786735096e+03
4.535417778940487551e+03
4.569643401960810479e+03
4.611268932017936095e+03
4.648686862486948485e+03
4.705803650404877772e+03
4.749480319323438380e+03
4.774294913265606738e+03
4.807155794114614764e+03
4.839993763097880219e+03
4.878332141106330710e+03
4.925393620712377015e+03
5.001209363377301997e+03
5.065339626116799991e+03
5.104882219790192721e+03
5.144947156732888288e+03
5.206198447068743008e+03
5.263280048078407162e+03
5.291885208783508460e+03
5.333876922834314428e+03
5.360265433477003171e+03
5.389889869745104079e+03
5.409610817523660444e+03
5.453393479423781173e+03
5.471616147510164410e+03
5.498919518337566842e+03
5.586037786710610817e+03
5.607985679347004407e+03
5.643090467544052444e+03
5.679733889473500312e+03
5.720924818262235931e+03
5.764098150606660056e+03
5.804196343054585668e+03
5.882813705496733746e+03
5.905305063232464818e+03
5.937798535422720306e+03
5.977432493467377753e+03
6.015479683773582110e+03
6.043430386724116943e+03
6.067748045268699570e+03
6.094629580987726513e+03
6.132306517331213399e+03
6.171881807954767282e+03
6.195841858007574046e+03
6.245887605249508852e+03
6.298221939572312294e+03
6.336095601604889453e+03
6.366872461457053760e+03
6.396199721153534483e+03
6.413036148769976535e+03
6.461661069081463211e+03
6.515062548853557928e+03
6.613983251811248010e+03
6.641211668921828277e+03
6.671539604382439393e+03
6.700248814308282817e+03
6.731123718939545142e+03
6.781690758136738623e+03
6.840548387206195912e+03
6.894615645484260313e+03
6.913960350227835988e+03
6.948565908437779399e+03
6.990138627460839416e+03
7.034088225570070790e+03
7.061524126227795023e+03
7.117763782477798486e+03
7.149035585553353485e+03
7.190304365735808460e+03
7.250128425397121646e+03
7.267689275868551704e+03
7.319410518701175533e+03
7.357876394871846060e+03
7.397162917253237538e+03
7.437084393531598835e+03
7.460024250027188828e+03
7.497432859851140165e+03
7.518874497481493563e+03
7.580584541650063329e+03
7.628041577420387512e+03
7.674426208147780017e+03
7.742672532818187392e+03
7.769389324564409435e+03
7.794137036411475492e+03
7.833141621122606921e+03
7.884136921813619665e+03
7.938142289623621764e+03
7.980765258591452039e+03
8.013677401794925572e+03
8.061988314052739042e+03
8.083358516432629585e+03
8.133379372316886474e+03
8.164350455435068397e+03
8.192381316617371340e+03
8.230284471163862690e+03
8.269914204606258863e+03
8.298630336193142284e+03
8.344201934502467338e+03
8.397035948380453192e+03
8.433482153590877715e+03
8.484826818132978588e+03
8.510208334681954511e+03
8.555196384315691830e+03
8.596493599099461790e+03
8.623256492793514553e+03
8.660293895642260395e+03
8.722453669117014215e+03
8.774360382061153359e+03
8.809975577464512753e+03
8.847077098971611122e+03
8.953787230606154480e+03
8.999569683638750575e+03
9.034429754975484684e+03
9.065207169261726449e+03
9.088159336407208684e+03
9.148231471533807053e+03
9.172716388812350488e+03
9.209181623005550136e+03
9.241544266346558288e+03
9.309178366540985735e+03
9.371913708892399882e+03
9.425639105999478488e+03
9.447849756308161886e+03
9.490748709495019284e+03
9.537891903291003473e+03
9.575315974444018138e+03
9.606196822968786364e+03
9.630496318261642955e+03
9.673122170571112292e+03
9.711524646814770676e+03
9.743882398631623801e+03
9.784611090994943879e+03
9.820539068698082701e+03
9.859239082649795819e+03
9.915047228750630893e+03
9.957361342891759705e+03
9.981505680550235411e+03
1.002207627853952545e+04
1.005882552928812584e+04
1.008394968891422104e+04
1.014864111834936557e+04
1.017940986274505667e+04
1.021099195057104771e+04
1.023968249742363878e+04
1.033436516025019228e+04
1.041901077682442155e+04
1.047409819109208365e+04
1.051121384773926002e+04
1.054729786854967642e+04
1.058017830685682202e+04
1.060743467032517219e+04
1.069261737898847241e+04
1.076427433859584926e+04
1.080537890327895366e+04
1.085646824710723195e+04
1.089386353990259886e+04
1.092211933998237146e+04
1.097143573249856672e+04
1.102946369672068613e+04
1.106709488745999079e+04
1.111308257520613006e+04
1.114580122169536662e+04
1.119415213444762958e+04
1.121466423424773529e+04
1.124902923049548554e+04
1.129780802863041572e+04
1.132345373323659078e+04
1.137438867695398767e+04
1.143667448224346845e+04
1.147030536588348332e+04
1.151169407854413475e+04
1.156799364986322689e+04
1.160766377736049435e+04
1.165504729019819752e+04
1.168705867821033280e+04
1.173251909850253833e+04
1.175740093972234536e+04
1.178538745845035919e+04
1.183149300721463442e+04
1.189400996011782809e+04
1.191492783891556974e+04
1.193401085286357375e+04
1.197880411480982002e+04
1.201131671245850703e+04
1.204251081263488777e+04
1.206447413828819299e+04
1.212836375753883112e+04
1.221656612293052967e+04
1.227085989041320863e+04
1.230250764825156512e+04
1.232258461439402527e+04
1.238665801069151712e+04
1.245213508354094301e+04
1.247891938409542126e+04
1.251963972200525131e+04
1.257005642588064620e+04
1.261290479050580143e+04
1.265171892153822591e+04
1.268199228932769984e+04
1.271601050425691210e+04
1.276973913168264335e+04
1.279458837272914570e+04
1.282660111665656223e+04
1.288422105842229030e+04
1.291452486019855860e+04
1.296073731265513015e+04
1.301293869055534378e+04
1.304644823219745194e+04
1.307092408946331125e+04
1.311202474282197909e+04
1.314678612617233739e+04
1.322792607935685737e+04
1.327824792016360334e+04
1.332618317800704062e+04
1.337631440754051800e+04
1.339966311936565944e+04
1.345667249307973361e+04
1.348599396290541335e+04
1.351387043081736556e+04
1.354326288159527212e+04
1.357897838207262430e+04
1.360814702419569403e+04
1.367886333914291754e+04
1.370733909319182021e+04
1.374108886608489956e+04
1.381334904559426832e+04
1.383840286005031157e+04
1.387171587001386251e+04
1.389822827469219737e+04
1.392236474974001612e+04
1.394609927245332437e+04
1.397926436356868544e+04
1.401628041584994571e+04
1.405917300119041647e+04
1.409521965285124134e+04
1.418115609176172802e+04
1.420971037748860908e+04
1.423963629288084485e+04
1.428124709745492692e+04
1.433790626181749030e+04
1.436703557075277968e+04
1.443733296733684438e+04
1.448905473495883780e+04
1.451986751914612796e+04
1.454753053264951086e+04
1.458044628865742379e+04
1.462158196043479802e+04
1.466311421074300779e+04
1.469218008500960605e+04
1.471946696299633004e+04
1.477029339986438936e+04
1.480121426404699741e+04
1.484721553617642348e+04
1.487935953305042131e+04
1.492561971227103822e+04
1.497898696020608804e+04
1.499892946356798348e+04
1.503690192476882294e+04
1.512253606230011792e+04
1.517940691115993286e+04
1.522029121852996832e+04
1.527109218558701832e+04
1.532439770282452992e+04
1.536680640916189259e+04
1.540201336050647478e+04
1.542896041804814558e+04
1.547152930282177476e+04
1.553680117979486022e+04
1.557470710725414028e+04
1.560119560962185824e+04
1.563760542796837217e+04
1.567706195219010806e+04
1.571231082087796312e+04
1.573301009142398652e+04
1.577400652864857511e+04
1.581025818783478098e+04
1.585021449511989522e+04
1.589169569776366916e+04
1.592204949029347881e+04
1.595437219866941268e+04
1.597693026290361013e+04
1.600693380963208438e+04
1.604467539396073880e+04
1.607896034436262926e+04
1.614178308775162441e+04
1.618006212909448004e+04
1.622385487095173630e+04
1.627782195810267149e+04
1.633367710035751588e+04
1.635697623227973418e+04
1.639746730684614158e+04
1.649133342462195651e+04
1.651769082826845624e+04
1.654354354812896054e+04
1.659521240630548346e+04
1.662230539442744339e+04
1.664757802119444386e+04
1.667462250953514013e+04
1.670080814187200667e+04
1.672497284747556841e+04
1.676702921214268281e+04
1.679642269661928731e+04
1.682270889875929424e+04
1.689321660656699169e+04
1.692517965015223672e+04
1.696220255090955470e+04
1.700970805887270399e+04
1.703565877908143739e+04
1.707086949771609216e+04
1.709808356167870443e+04
1.712979809144810497e+04
1.717372614095031167e+04
1.720084049589692586e+04
1.725004389650198209e+04
1.727660505119550726e+04
1.730206714105615174e+04
1.735368240069800959e+04
1.740709610255312509e+04
1.744041051659135337e+04
1.747259460280956046e+04
1.751475035231352376e+04
1.756143835255951490e+04
1.760199656366595445e+04
1.765413847919629188e+04
1.770288820695696631e+04
1.773935385301333372e+04
1.781138418479931715e+04
1.789336954514051831e+04
1.794345901502488778e+04
1.800581486336719172e+04
1.803483674707532555e+04
1.808666805746162208e+04
1.813748447316313468e+04
1.816495127864604365e+04
1.818403754422193379e+04
1.821304645733539655e+04
1.825709715824587329e+04
1.828916064166548313e+04
1.834467769884115478e+04
1.839572809476370094e+04
1.843851027463693390e+04
1.850024602171513106e+04
1.853469076065592526e+04
1.858130430293421159e+04
1.863630728569245548e+04
1.871177794368660034e+04
1.874216947220018483e+04
1.878519294971490308e+04
1.883570314162279465e+04
1.888558847173646791e+04
1.893165225898714561e+04
1.897885458008815476e+04
1.899729999031913030e+04
1.902667565408718292e+04
1.906123914643830722e+04
1.911103658699479638e+04
1.913437238133839492e+04
1.918486186186001942e+04
1.920892189957202572e+04
1.924984109153285681e+04
1.929453538788471997e+04
1.933684246184327276e+04
1.937545206771320954e+04
1.941494492280157283e+04
1.945201097999862759e+04
1.947701404615754655e+04
1.950552409285348767e+04
1.956953327010243811e+04
1.961127617983981690e+04
1.963679686925469650e+04
1.967224595885282542e+04
1.971989327546186541e+04
1.976479504548006662e+04
1.985187517801981085e+04
1.987174421852400701e+04
1.990569892259779226e+04
1.994102233378518577e+04
1.997634140263926020e+04
2.005203693029088026e+04
2.008597574732589783e+04
2.011565925042299568e+04
2.017111459335925247e+04
2.019476176351862159e+04
2.023650533578990144e+04
2.027541486055450514e+04
2.035206832765871513e+04
2.037514691439443050e+04
2.041572744392950335e+04
2.044682929252691247e+04
2.047470567722684427e+04
2.052480012019554488e+04
2.057049311771881548e+04
2.060580420133383086e+04
2.066314536761087220e+04
2.068767084564171819e+04
2.072709154004061566e+04
2.075925494977370545e+04
2.079507490295920070e+04
2.082051081737332788e+04
2.086747163413622548e+04
2.089185593757533934e+04
2.092099230470257316e+04
2.097377314726195618e+04
2.101183623114250076e+04
2.105386990873320974e+04
2.107740017027363501e+04
2.113358829513831006e+04
2.116235531458963669e+04
2.121561479316172699e+04
2.126116853737806741e+04
2.130913605454461867e+04
2.134280782533829188e+04
2.136970134665469959e+04
2.141612247677614505e+04
2.145053108267465723e+04
2.148198725290392758e+04
2.150570328676324789e+04
2.158224015242997848e+04
2.161799853698755032e+04
2.167410248595648591e+04
2.170832314493476224e+04
2.176118697900962070e+04
2.183186465962219881e+04
2.186666308568548266e+04
2.189812975794966405e+04
2.192807455507421037e+04
2.198205223194804057e+04
2.203481460580390194e+04
2.207051251025399688e+04
2.212354803549678400e+04
2.215972169423574451e+04
2.219434555069024282e+04
2.222418821880917312e+04
2.224459751138973297e+04
2.227479168688143545e+04
2.230019778501839028e+04
2.232260746579064289e+04
2.236039155856632715e+04
2.240947383468140833e+04
2.244660469864460902e+04
2.247560742433805717e+04
2.250368579640667667e+04
2.257069680994719965e+04
2.262929851665077513e+04
2.267856690253164925e+04
2.271902144727903942e+04
2.274777410159096689e+04
2.277405865352764522e+04
2.280501987638127321e+04
2.288851749546740393e+04
2.292172667885628834e+04
2.295464592542618993e+04
2.297652591079794729e+04
2.304507496496631575e+04
2.310636708279157028e+04
2.315412336481509192e+04
2.319399668649850355e+04
2.325459300802235157e+04
2.329392164635045265e+04
2.333619114699844067e+04
2.336204217923252145e+04
2.339367815438831167e+04
2.344728255918505965e+04
2.347988788877095431e+04
2.351737185361201045e+04
2.353957127949835922e+04
2.359335899014432289e+04
2.362123323353441447e+04
2.369955560024591978e+04
2.372624863034710143e+04
2.375519616265263903e+04
2.378502497478202349e+04
2.382794405822849512e+04
2.385326335534186728e+04
2.389621152261527459e+04
2.392139522776530066e+04
2.395588286893656550e+04
2.398465008683134511e+04
2.400936060314780843e+04
2.404195135283730269e+04
2.407696215823973034e+04
2.409618537582135104e+04
2.412703295868927671e+04
2.415786961813984090e+04
2.418248271834849584e+04
2.420963476490457833e+04
2.423622666870684407e+04
2.427794867158953639e+04
2.433239459211687790e+04
2.442618572872628647e+04
2.445442111129316618e+04
2.449521941777211396e+04
2.455184705512102300e+04
2.457100239982583298e+04
2.461694234872358356e+04
2.465255945763393902e+04
2.468664425064911848e+04
2.471745636134551751e+04
2.474091125490100603e+04
2.476499127957241944e+04
2.479095498067240260e+04
2.481111545764458424e+04
2.485143176567335468e+04
2.487922236921839067e+04
2.490065839941204104e+04
2.497870854949485511e+04
2.504326788586863404e+04
2.508929049743076030e+04
2.512821018120605368e+04
2.517380748686247534e+04
2.522017903823263623e+04
2.527263411856360835e+04
2.531809339820580499e+04
2.534682310882812453e+04
2.537108544586901917e+04
2.540751772752101897e+04
2.545508042495796690e+04
2.548211469432553713e+04
2.553251213742717664e+04
2.559022367836388730e+04
2.562200694587236285e+04
2.568275867073214977e+04
2.576350817657318112e+04
2.582184845608378237e+04
2.585603314744656382e+04
2.588617127890718621e+04
2.590789457246431266e+04
2.595045688245950805e+04
2.597665503068558974e+04
2.600973513227276999e+04
2.604599520064708850e+04
2.609601446713429686e+04
2.613693470974167940e+04
2.618114390931293747e+04
2.621203710085770945e+04
2.626298167756365365e+04
2.629197904517036295e+04
2.634778242368162319e+04
2.636765564842986350e+04
2.639041813812159671e+04
2.643469264682587163e+04
2.648641835830138007e+04
2.653256960867871749e+04
2.656308424638560609e+04
2.660886336525216757e+04
2.666117630230641589e+04
2.671827146998504031e+04
2.675425974154662254e+04
2.679110902613054714e+04
2.681724828450672794e+04
2.684087080336552026e+04
2.686766595319961561e+04
2.690269829845350250e+04
2.692758666805239045e+04
2.698085009890809306e+04
2.700763083498661217e+04
2.705904754971027432e+04
2.708997637617972941e+04
2.712193529537194263e+04
2.717051440586065291e+04
2.719354789379952854e+04
2.723170662422432360e+04
2.725958732440684980e+04
2.728075129577712505e+04
2.730720062158918881e+04
2.734263687431684593e+04
2.737406107942078233e+04
2.741157817576792513e+04
2.745624044270667946e+04
2.750444092108737095e+04
2.757343747984861329e+04
2.761361289504742672e+04
2.765529967474332079e+04
2.769409527597615670e+04
2.775428459428120186e+04
2.778895029822400829e+04
2.784859823874165522e+04
2.792857049993233159e+04
2.798755275784441619e+04
2.803962282262150256e+04
2.806865964369857102e+04
2.809385787673784580e+04
2.812360053071780567e+04
2.817951872171698778e+04
2.821052879200550160e+04
2.825266675811363530e+04
2.830473184044479422e+04
2.836605654561464326e+04
2.839322448287966108e+04
2.842733919424940177e+04
2.845750245051561069e+04
2.847959724949140946e+04
2.851040550266475111e+04
2.858047631594039194e+04
2.864116111872263355e+04
2.866547992870804228e+04
2.869907796257440714e+04
2.872599075066846854e+04
2.879035465629911050e+04
2.881334767833201477e+04
2.884657197486079167e+04
2.889736798753582843e+04
2.892291414069778330e+04
2.896382060495742553e+04
2.899282674232426143e+04
2.904587553462606229e+04
2.909207969911595865e+04
2.913200021915248726e+04
2.917677138776341235e+04
2.923147287602529832e+04
2.928785303557840234e+04
2.931372281834770547e+04
2.935865256874301485e+04
2.938847913342194079e+04
2.943688582320445494e+04
2.948870208608902249e+04
2.952276408963837093e+04
2.955327427837804498e+04
2.959319716678695477e+04
2.962462981338571262e+04
2.966895171538344584e+04
2.969812171768349799e+04
2.973639638316837954e+04
2.979165227796772888e+04
2.985605509599146171e+04
2.989276896182066048e+04
2.996672362039390646e+04
3.003141109781213163e+04
3.010985402722688013e+04
3.015474577558736200e+04
3.022188400519036441e+04
3.028000666855345844e+04
3.033288220843614545e+04
3.036914043105613382e+04
3.041610530640749130e+04
3.044091215161760920e+04
3.047010685892203401e+04
3.049817519231254482e+04
3.052993243898106448e+04
3.061214480298933267e+04
3.064128276026991807e+04
3.066499687839983744e+04
3.069011724123113891e+04
3.072585125168644299e+04
3.075005590958747416e+04
3.077854962952083588e+04
3.083143946096252694e+04
3.086591171811094318e+04
3.090401699336497040e+04
3.093129175787411441e+04
3.096566592014864364e+04
3.100986573774823046e+04
3.105411445632893083e+04
3.110164610653979253e+04
3.114719635969020601e+04
3.118017662440941422e+04
3.124165123654334457e+04
3.130982861961861636e+04
3.137185364884366936e+04
3.142541289293628506e+04
3.145243653796789295e+04
3.148194229850633201e+04
3.152249005413796112e+04
3.156057233214961161e+04
3.162362862762653822e+04
3.164526484542917387e+04
3.168695171165778811e+04
3.170985344747888303e+04
3.173352053984722806e+04
3.177129125137406663e+04
3.180058724933363192e+04
3.183395925199003614e+04
3.186070253073117783e+04
3.189636759194359911e+04
3.194262802049247694e+04
3.196862930916564437e+04
3.199689034898545651e+04
3.203655848695423992e+04
3.208117390509277902e+04
3.212687199992157912e+04
3.215438703604098555e+04
3.219565172235582577e+04
3.222912122560565695e+04
3.227649567356348780e+04
3.231037713001172233e+04
3.233308904455943775e+04
3.236324280256554994e+04
3.240175717628800339e+04
3.245159920124348719e+04
3.249137226083084170e+04
3.257063865562696810e+04
3.262983418042711128e+04
3.266400416553325704e+04
3.269029840873241483e+04
3.275171435264525280e+04
3.281451009670877102e+04
3.286639574446977349e+04
3.289387787306228711e+04
3.294877671178840683e+04
3.298276129800150375e+04
3.300083118456054217e+04
3.302779612377536978e+04
3.308175602720762981e+04
3.311397195912455209e+04
3.317213581937159324e+04
3.320620308164593735e+04
3.323914362364228145e+04
3.328614667918330815e+04
3.333466150915288017e+04
3.338990967818926583e+04
3.341862928262385685e+04
3.345693795675822912e+04
3.350940813417270692e+04
3.355941844638832117e+04
3.358734505213192460e+04
3.362150586689734337e+04
3.366452351561273827e+04
3.369814898239782633e+04
3.374157113521058636e+04
3.378693760573084728e+04
3.382603414187982708e+04
3.384740369386901148e+04
3.386615111143840477e+04
3.389169202173790836e+04
3.394725365440423775e+04
3.397907012130913790e+04
3.401441933633156441e+04
3.408858178574446356e+04
3.412869005560609367e+04
3.416886881148324755e+04
3.420842613968974911e+04
3.424972901430541970e+04
3.428731451852721511e+04
3.432004551444113167e+04
3.434933502559765475e+04
3.440225395312972978e+04
3.446051574233418069e+04
3.450771213813700160e+04
3.453249594767680537e+04
3.456709071150738600e+04
3.463507013266885770e+04
3.466695138196615881e+04
3.474479267799291119e+04
3.476873027335322695e+04
3.480206684878798842e+04
3.482929712577348982e+04
3.488523069042939460e+04
3.492265992107804050e+04
3.496310124736820580e+04
3.503483472076204635e+04
3.507569744585036824e+04
3.510464326772007917e+04
3.517490973638842115e+04
3.520954678386630985e+04
3.524506148891829071e+04
3.528802362670667935e+04
3.536157337783851108e+04
3.542688457275690598e+04
3.545927358190417726e+04
3.548791169532400818e+04
3.553549144515203807e+04
3.556424047468393837e+04
3.560519022617863811e+04
3.563143205865159689e+04
3.566308879730575427e+04
3.571066032252496370e+04
3.573387382550883194e+04
3.576568224205595470e+04
3.582243668276645622e+04
3.584740127417930489e+04
3.586889409127854742e+04
3.592147119470504549e+04
3.596935646645538509e+04
3.599583970371857140e+04
3.603454938224090438e+04
3.606940463093196740e+04
3.609718076827956975e+04
3.612618149476109102e+04
3.616887479875188728e+04
3.619479048031137063e+04
3.624648606217143970e+04
3.627835796026612661e+04
3.629315290399095102e+04
3.633546679340134142e+04
3.637115299957313255e+04
3.639871443627755070e+04
3.646072266592361848e+04
3.650119364462819067e+04
3.654387006001688860e+04
3.657910601190304442e+04
3.661437808965298609e+04
3.663591865980040166e+04
3.667181073436229781e+04
3.671223403719095950e+04
3.673108809668158210e+04
3.675944851943664253e+04
3.678420790678141930e+04
3.684195246845382644e+04
3.692263255817057507e+04
3.695276836229079345e+04
3.698543184926986578e+04
3.701691500209975493e+04
3.706729983220541908e+04
3.710618586040920491e+04
3.714056267556766397e+04
3.718354009186833719e+04
3.721187486829167756e+04
3.724114058763627690e+04
3.727079460095802642e+04
3.730420446402944071e+04
3.736364323030442029e+04
3.738181558883297839e+04
3.741779537951277598e+04
3.744968516926771554e+04
3.749738462510602403e+04
3.752032476200675592e+04
3.757851508216473303e+04
3.762573120222071157e+04
3.766100574853600119e+04
3.769341592044381105e+04
3.774074127573290025e+04
3.776873093125555897e+04
3.781654783473481075e+04
3.784414891407990217e+04
3.787673158600681927e+04
3.791922562262829888e+04
3.794605752697819844e+04
3.800668962094809103e+04
3.805067837434672401e+04
3.812064764430542709e+04
3.814366255138515407e+04
3.819765534725863836e+04
3.822986927251570160e+04
3.825989477966037521e+04
3.830486258483472193e+04
3.833434639555421018e+04
3.841053959564043180e+04
3.844044365499910054e+04
3.851180498958960379e+04
3.859701176727253187e+04
3.862777397542072868e+04
3.866116733665920765e+04
3.869665560162436304e+04
3.874771444977162173e+04
3.878057761953088630e+04
3.881913734637895686e+04
3.887357357005906670e+04
3.889841901519206294e+04
3.892434956278996106e+04
3.896207441184236814e+04
3.899855004719834687e+04
3.903428645595675334e+04
3.908996445232610859e+04
3.911769589554712002e+04
3.914893399968464655e+04
3.921583689707285521e+04
3.927529219688345620e+04
3.933357549776368251e+04
3.936657613665141253e+04
3.939088431327982107e+04
3.945645314564911678e+04
3.951197147380363458e+04
3.956402817709198280e+04
3.961594204659187380e+04
3.967234254794912704e+04
3.969969538019401080e+04
3.976843364157763426e+04
3.980910866121971776e+04
3.983516074455925991e+04
3.986001861979080422e+04
3.988885026533663040e+04
3.993483880570327165e+04
3.999544123718320043e+04
4.002363596979269641e+04
4.005973139354750310e+04
4.010834746746669407e+04
4.018959985306664021e+04
4.021721939542431210e+04
4.024998727565247100e+04
4.031556829536021542e+04
4.036824284302334127e+04
4.039434972754339105e+04
4.041429990709639242e+04
4.043735703432682203e+04
4.046372758628826705e+04
4.057232129630304553e+04
4.063210594898690761e+04
4.066422942605764547e+04
4.072166663365632849e+04
4.076400094135361724e+04
4.079522725367135718e+04
4.082501771789760096e+04
4.086199832198354852e+04
