1.340369638150135359e+02
2.779581329440966897e+02
4.185413818915246225e+02
5.554533818018535385e+02
6.978903155533712379e+02
8.440872684454636783e+02
9.791933833676429231e+02
1.111209679766481258e+03
1.244082627393596795e+03
1.383056026287985333e+03
1.523666518133837826e+03
1.658460089691774328e+03
1.804331234613492370e+03
1.948879894788467254e+03
2.091545462516544376e+03
2.233658957702881253e+03
2.385842927871282427e+03
2.522599094648075152e+03
2.662514577606212697e+03
2.804465290314564754e+03
2.947442236754238820e+03
3.079780119146025754e+03
3.220039893604605822e+03
3.367954273983029452e+03
3.511496723245573321e+03
3.643350619805915358e+03
3.777682519720067376e+03
3.907209349222456240e+03
4.041008712021914107e+03
4.176734671464748317e+03
4.309577219638769748e+03
4.453658964533638937e+03
4.592633710512152902e+03
4.719721861754587735e+03
4.860541527040244546e+03
4.999258101958366751e+03
5.135925123373490351e+03
5.272436500858175350e+03
5.412325836582266675e+03
5.552288612285336967e+03
5.682982258689819901e+03
5.825489829500185806e+03
5.967412511360214921e+03
6.104645151751777121e+03
6.237409175800619778e+03
6.372242616386743066e+03
6.505770224539500305e+03
6.656204524852379109e+03
6.802445341196811569e+03
6.946425828493867812e+03
7.080003998492932624e+03
7.215357098757232052e+03
7.352859156218730277e+03
7.487866663535495718e+03
7.619494590718936706e+03
7.766436591377590958e+03
7.899308939218452906e+03
8.036607743074839163e+03
8.176287472221208191e+03
8.315052053713950954e+03
8.454349992664760066e+03
8.592060282076674412e+03
8.741518110617898856e+03
8.876780676504567964e+03
9.012482929804560627e+03
9.152140731866065835e+03
9.284070864424515094e+03
9.423487108045783316e+03
9.557191869852555101e+03
9.702190227416942435e+03
9.839804346220822481e+03
9.971014684839352412e+03
1.010935296901392940e+04
1.024846414951828046e+04
1.038813523840905509e+04
1.052471813076704530e+04
1.066091108379974685e+04
1.079749295263145905e+04
1.093820583915326461e+04
1.107421359078085879e+04
1.120946868345708208e+04
1.134376168019435136e+04
1.147452584875921275e+04
1.161989257420067042e+04
1.176608753113700732e+04
1.190733626195760735e+04
1.205156122701600361e+04
1.219418965384063267e+04
1.232501564739029527e+04
1.245767004153461130e+04
1.259155300655657811e+04
1.273390021448981133e+04
1.287578864750079993e+04
1.301945062733513259e+04
1.316501001147782699e+04
1.330112543462042231e+04
1.343582506063032815e+04
1.357315901946467420e+04
1.371211729192002531e+04
1.385318736111263024e+04
1.398818336983124391e+04
1.413461605400672306e+04
1.427914629619857988e+04
1.440787780954629307e+04
1.455668734218050849e+04
1.469396495455989134e+04
1.483215879626586502e+04
1.497843026098182054e+04
1.512378803864273323e+04
1.525227720624904578e+04
1.538336342862156380e+04
1.553147249563641162e+04
1.566388330454568131e+04
1.579581559929398463e+04
1.593648355208605062e+04
1.608014247023871940e+04
1.621500972197332703e+04
1.634787486288867876e+04
1.648648844315056704e+04
1.662457994306374167e+04
1.677065463528087275e+04
1.690083266614143940e+04
1.703459073215649914e+04
1.717430157955321920e+04
1.731637662339864619e+04
1.745757348145181822e+04
1.759265196822439611e+04
1.773069648947917813e+04
1.786579848871962895e+04
1.801435025611744641e+04
1.816029462239373242e+04
1.830633303026238355e+04
1.843976096771597440e+04
1.858613206553535201e+04
1.872835165999568198e+04
1.886985603029324920e+04
1.900985969781660242e+04
1.914448055717642637e+04
1.928536484601605844e+04
1.942826875247278804e+04
1.956363662250496054e+04
1.971401870667195908e+04
1.984904677600117793e+04
1.998285030931680376e+04
2.011786560584537801e+04
2.025936089759562674e+04
2.039799714652484545e+04
2.053263673200799894e+04
2.068115341111199450e+04
2.081875743245152626e+04
2.095438656510329020e+04
2.108777836341955845e+04
2.123166218664651024e+04
2.136032919927740295e+04
2.149185603429672483e+04
2.163056088616109992e+04
2.177768537640128488e+04
2.191900608698481301e+04
2.205716644342408108e+04
2.219407157152951550e+04
2.233978055211440005e+04
2.247533621614517688e+04
2.261582228658980966e+04
2.275705797756223183e+04
2.290176488878461532e+04
2.304067876391746177e+04
2.317633846737480781e+04
2.332059160584504571e+04
2.346012651003869905e+04
2.359194463917171015e+04
2.372615561537209214e+04
2.386243311104230088e+04
2.399876115025849140e+04
2.414489903069288994e+04
2.428099090229579451e+04
2.442142135231112843e+04
2.456730231559187814e+04
2.470836941278545055e+04
2.484781803678386495e+04
2.498588048631206402e+04
2.511745228555742870e+04
2.525492802230154120e+04
2.539147812922185767e+04
2.553742345379864855e+04
2.567376428261452384e+04
2.581956792914336984e+04
2.596616966514389787e+04
2.610560203095849647e+04
2.624411451573271552e+04
2.638466798262653174e+04
2.652331728047340948e+04
2.665855167564592557e+04
2.679493270641331401e+04
2.694179804693468759e+04
2.708339753900339565e+04
2.722718324690793452e+04
2.736306156997148355e+04
2.750958601114928751e+04
2.764580597695779579e+04
2.779262210241955472e+04
2.792667263697402450e+04
2.806618395196854181e+04
2.820810366349723699e+04
2.835114926229286721e+04
2.848828735654287448e+04
2.863524113853118251e+04
2.877993784654427145e+04
2.892044855297464892e+04
2.905768702958623908e+04
2.918919352289941889e+04
2.933262153195363862e+04
2.947785226277110269e+04
2.962151371937652948e+04
2.975497707488127708e+04
2.989681737618724219e+04
3.002754546620409019e+04
3.016437457480571175e+04
3.031001248372489863e+04
3.044373160994605132e+04
3.058760360716318246e+04
3.072576307594655373e+04
3.086854478330750135e+04
3.100263894280761451e+04
3.113576838197389952e+04
3.127356691796470113e+04
3.140755439963853132e+04
3.155050554819748140e+04
3.168893265868349408e+04
3.182194158003626580e+04
3.196301327937785027e+04
3.209715390545613263e+04
3.223878277675270510e+04
3.236518661853383674e+04
3.250785174249585907e+04
3.264746730149506402e+04
3.278522533324563119e+04
3.292440955268655671e+04
3.306377336102588743e+04
3.320278840137627412e+04
3.334620426849382056e+04
3.349493022135070350e+04
3.362838311549527862e+04
3.377139652981719701e+04
3.391595256705617794e+04
3.404874168861565704e+04
3.419116979443151649e+04
3.433647391750023235e+04
3.447288748541178211e+04
3.460829084274390334e+04
3.475307701496903610e+04
3.489046199856641761e+04
3.502729932918636041e+04
3.517240208740152593e+04
3.530900446659007139e+04
3.544615004925353423e+04
3.558693251484441862e+04
3.573235677262520767e+04
3.587188910994880280e+04
3.600813294540577044e+04
3.614047511786383257e+04
3.627248844241206098e+04
3.640572429593724519e+04
3.654633303086250817e+04
3.668479016559418233e+04
3.683268807487444428e+04
3.696862872527228319e+04
3.710382274196131766e+04
3.723596829194218299e+04
3.736909653332595917e+04
3.751197952712117694e+04
3.765246034672261885e+04
3.778956148656636651e+04
3.793137883669861912e+04
3.807310710785265110e+04
3.820680501068384910e+04
3.834305305414705799e+04
3.847413143866260361e+04
3.860536313627952768e+04
3.874504881212634064e+04
3.889047684141057107e+04
3.903374704241276049e+04
3.917332407770394639e+04
3.931146992471740668e+04
3.944214035693316691e+04
3.958217152163833816e+04
3.972252639339817688e+04
3.985396456299140846e+04
3.999816880816661433e+04
4.014461283002516575e+04
4.028553211372302030e+04
4.043012052922825387e+04
4.056510494589367590e+04
4.070642410699782340e+04
4.084625394361989311e+04
4.098820610813450185e+04
4.113232821171406249e+04
4.126943354318655474e+04
4.141329148037044069e+04
4.155404834573467087e+04
4.170350417140803620e+04
4.184744598953462992e+04
4.199543207791445457e+04
4.212881723960258387e+04
4.227237303391363093e+04
4.242304319208116794e+04
4.255817632020077872e+04
4.269778280277856538e+04
4.283508214664488332e+04
4.297568407722007396e+04
4.311100611157631647e+04
4.325296249482545682e+04
4.338919624346241471e+04
4.353040078932341567e+04
4.366846405131772190e+04
4.381052550037682522e+04
4.395646164219450293e+04
4.409880570193110179e+04
4.423799161561968504e+04
4.437199769000187371e+04
4.450853360641710606e+04
4.465189148351293261e+04
4.478454667219233670e+04
4.491831038438755786e+04
4.505390725310110429e+04
4.518980938715628145e+04
4.533337671522944584e+04
4.547038593643587956e+04
4.560922238242089952e+04
4.575181427543808968e+04
4.587989753680293506e+04
4.601256531419733074e+04
4.614738144599380757e+04
4.628568789134276449e+04
4.642120023818302434e+04
4.655367238781556080e+04
4.669629568778928660e+04
4.682848671928273689e+04
4.697038005718880595e+04
4.710636398536759225e+04
4.724991646255779779e+04
4.738812174376977782e+04
4.752062393060014438e+04
4.766109574540494214e+04
4.780891199315576523e+04
4.794909688220870885e+04
4.808768417419576872e+04
4.822214232375821302e+04
4.836265245404154848e+04
4.849295856818460743e+04
4.862964255152775877e+04
4.876520557836897206e+04
4.890450495867268910e+04
4.903821088326678000e+04
4.918242945362826140e+04
4.932515687319917924e+04
4.945927250810666010e+04
4.959509869394749694e+04
4.972675211115357524e+04
4.987522168960011913e+04
5.001980938190747838e+04
5.016364899362819415e+04
5.030991615200045635e+04
5.044630468059907435e+04
5.057953295021856320e+04
5.071567759595928510e+04
5.086051036304220179e+04
5.099724162403447554e+04
5.112659708029921603e+04
5.126916471643204568e+04
5.140751705382148066e+04
5.154916734824873129e+04
5.168252274441461486e+04
5.182132898952031974e+04
5.196382081326991465e+04
5.210955120867934602e+04
5.225356369885725871e+04
5.238944724486683117e+04
5.253395695057260309e+04
5.267656267432691675e+04
5.281035499167954549e+04
5.294304054314126552e+04
5.308838635575432272e+04
5.323308369273569406e+04
5.338133274621034070e+04
5.351289635928865027e+04
5.364400058588890533e+04
5.377888137052029924e+04
5.391359107089155441e+04
5.405522682151604386e+04
5.418887507427507080e+04
5.432130944829996588e+04
5.445763088956083084e+04
5.458757075386147335e+04
5.472306368632947851e+04
5.485778044914686325e+04
5.499606730388152937e+04
5.513012029021509079e+04
5.527153032204095507e+04
5.541618902723116480e+04
5.554894716509641148e+04
5.568359646345140936e+04
5.581765838655026892e+04
5.595106897458372987e+04
5.609427216674896772e+04
5.622887661271671095e+04
5.636444326369243208e+04
5.650269233063041611e+04
5.664624703911742108e+04
5.678706037035424379e+04
5.692533810324648221e+04
5.707182230415906815e+04
5.721398164639085735e+04
5.734774843491620413e+04
5.749567913785196288e+04
5.763801983246286545e+04
5.778205873401091958e+04
5.792371990383790398e+04
5.805970693089070119e+04
5.819508234810965223e+04
5.832543373895082186e+04
5.846344700228516740e+04
5.860983495333963947e+04
5.874705103175069235e+04
5.887996267527262535e+04
5.902520891833803762e+04
5.916468364053339610e+04
5.931043654176328710e+04
5.945913972915990598e+04
5.959321263102378725e+04
5.973762518267089763e+04
5.987358091351503390e+04
6.000853141423871421e+04
6.015288861071019346e+04
6.029676313128573383e+04
6.043555610269180761e+04
6.057887085959844262e+04
6.071510643098352739e+04
6.085289998753867258e+04
6.099529820771065715e+04
6.113154917612917052e+04
6.128276918727085285e+04
6.142943273576209322e+04
6.156745237069558061e+04
6.171129588736605365e+04
6.185740189664756326e+04
6.200242263012212788e+04
6.214475924731255509e+04
6.227838175717781996e+04
6.240923439915934432e+04
6.254966751627184567e+04
6.269693269890369265e+04
6.283033955657808110e+04
6.296418403407280130e+04
6.310001851177489880e+04
6.324016688798809628e+04
6.337421758366372524e+04
6.350642251657410088e+04
6.364583726020153699e+04
6.379323135810952954e+04
6.393533343644127308e+04
6.407125198018143419e+04
6.422212819258212403e+04
6.435829890839599830e+04
6.449820543521481159e+04
6.464614353360056703e+04
6.478831072117973235e+04
6.493075332282690943e+04
6.506465093075115874e+04
6.520110732327649748e+04
6.533895575462243869e+04
6.548283692799682467e+04
6.561702017514471663e+04
6.576233642357573262e+04
6.590232779579563066e+04
6.603971018736508267e+04
6.617622171446953143e+04
6.631764395930632600e+04
6.645147688082270906e+04
6.658042717642421485e+04
6.671748047441543895e+04
6.686701978847851569e+04
6.700828886344368220e+04
6.714971199539018562e+04
6.728612063120247331e+04
6.743101390382548561e+04
6.757445585600734921e+04
6.772128928562439978e+04
6.785957501622017298e+04
6.800335960145993158e+04
6.814556555244106858e+04
6.828088944353794795e+04
6.841562361432299076e+04
6.855741521709162043e+04
6.869328849272720981e+04
6.883801951062168519e+04
6.897633969726640498e+04
6.912280481919279555e+04
6.925589208844311361e+04
6.939887256533630716e+04
6.954485406169053749e+04
6.968276623547758209e+04
6.982728136443370022e+04
6.997385406251590757e+04
7.011382796318552573e+04
7.024164585214434192e+04
7.037639951308234595e+04
7.051716581861744635e+04
7.064655113824355067e+04
7.079565248822720605e+04
7.093034628092155617e+04
7.107975314096613147e+04
7.122025873553272686e+04
7.135418399953258631e+04
7.149583167718246114e+04
7.163046108553513477e+04
7.176502024689073733e+04
7.191327371992550616e+04
7.204424488007761829e+04
7.218570905492926249e+04
7.232794676120033546e+04
7.247827450086308818e+04
7.262727319699039799e+04
7.277283278150584374e+04
7.290816972317203181e+04
7.304908301691006636e+04
7.318146778286916378e+04
7.332456687783516827e+04
7.346779327409953112e+04
7.361184226862409560e+04
7.374549921476976306e+04
7.388781203241735057e+04
7.401963312680248055e+04
7.415550119177495071e+04
7.429184925668820506e+04
7.442703469579476223e+04
7.455957984993729042e+04
7.469498599004930293e+04
7.484211652167087595e+04
7.497927484034073132e+04
7.512739139166152745e+04
7.527303729806082265e+04
7.541148163863732771e+04
7.554669768388572265e+04
7.568659932523660245e+04
7.583094911594197038e+04
7.597655154344746552e+04
7.611411278666144062e+04
7.624877532421366777e+04
7.638773714583904075e+04
7.653069726694108977e+04
7.667355776380914904e+04
7.681128292662261811e+04
7.696003189708449645e+04
7.709903501283668447e+04
7.723323019334200944e+04
7.737550666906639526e+04
7.751977326360828010e+04
7.766051004572497914e+04
7.779512012870213948e+04
7.792841648885482573e+04
7.805845803245554271e+04
7.819953129221477138e+04
7.833651219314876653e+04
7.847241272932321590e+04
7.860522344035003334e+04
7.874544371241699264e+04
7.887665042778244242e+04
7.901940908966142160e+04
7.915367419640882872e+04
7.929298679347407597e+04
7.943812461778268334e+04
7.958337646448727173e+04
7.971509608392475639e+04
7.985056919533223845e+04
7.999747828209417639e+04
8.013002019562346686e+04
8.026799778139655245e+04
8.040173812981510127e+04
8.053944371810162556e+04
8.067724612432182766e+04
8.081187464926084795e+04
8.095380394900648389e+04
8.108993104948576365e+04
8.123268519002594985e+04
8.136171089040345396e+04
8.150020368686680740e+04
8.163666466070302704e+04
8.178572466164916113e+04
8.192900390530916047e+04
8.207330123668712622e+04
8.221284084943197377e+04
8.234443371001002379e+04
8.248887761965840764e+04
8.262413267942778475e+04
8.275818824824053445e+04
8.290271974919072818e+04
8.304286519071803195e+04
8.317666291527714930e+04
8.331094134659682459e+04
8.344705891865838203e+04
8.358722329560249636e+04
8.372472797616399475e+04
8.386472569076751824e+04
8.400155211593027343e+04
8.414129108430769702e+04
8.427959854403126519e+04
8.442329709818202537e+04
8.457044842233337113e+04
8.471123937877771095e+04
8.485119304755276244e+04
8.499574560844511143e+04
8.513214634740140173e+04
8.527147667816784815e+04
8.541192364994283707e+04
8.555564199439786898e+04
8.569960064673199668e+04
8.583728148266120115e+04
8.598227975579859049e+04
8.612261585012599244e+04
8.626256659872653836e+04
8.640020781453959353e+04
8.654102052388949960e+04
8.668665258897782769e+04
8.683379493463004474e+04
8.697584125095806667e+04
8.711253008749012952e+04
8.725426433508725313e+04
8.739947738824003318e+04
8.754951461858504626e+04
8.768793887548032217e+04
8.783528739928020514e+04
8.797862497498295852e+04
8.811656662981020054e+04
8.826194612972317555e+04
8.840218580988900794e+04
8.855306641342707735e+04
8.868777558737581421e+04
8.883034372884815093e+04
8.896771643815413699e+04
8.910909324929545983e+04
8.924287000832335616e+04
8.937987068232115416e+04
8.951792599679114937e+04
8.966245560025321902e+04
8.979637426794174826e+04
8.993692350071102555e+04
9.007869552271603607e+04
9.022038745339245361e+04
9.036053905953717185e+04
9.049264605858261348e+04
9.063463839459941664e+04
9.077041106411120563e+04
9.090374039695721876e+04
9.104091059635160491e+04
9.117917850838472077e+04
9.131491702054186317e+04
9.146385011047408625e+04
9.160033348375237256e+04
9.173428662809764501e+04
9.186950880160137604e+04
9.200406492423651798e+04
9.214374530779922497e+04
9.228752713385624520e+04
9.242139721828205802e+04
9.256051073526649270e+04
9.270281745087789022e+04
9.284522523096318764e+04
9.298788003811422095e+04
9.313230838561560086e+04
9.327345934410241898e+04
9.341382997060817434e+04
9.355208188228921790e+04
9.368810281099253916e+04
9.382340862659418781e+04
9.395964468813232088e+04
9.410128402812770219e+04
9.423867422634869581e+04
9.438123296571709216e+04
9.451654769250501704e+04
9.466120599519081588e+04
9.480339956495001388e+04
9.493552316473863903e+04
9.506444533370797581e+04
9.520286894176126225e+04
9.533653718497656519e+04
9.547312087480057380e+04
9.560596923115615209e+04
9.575009741688502254e+04
9.588202413497318048e+04
9.603120973104535369e+04
9.616638174189666461e+04
9.630392856393163675e+04
9.643674791452889622e+04
9.657231378284365928e+04
9.671188560081020114e+04
9.684926030089452979e+04
9.698202944931486854e+04
9.711826124787572189e+04
9.726493679331231397e+04
9.740874903797045408e+04
9.755772607754445926e+04
9.769786737811978674e+04
9.784013367202990048e+04
9.797993015150570136e+04
9.812708336638465698e+04
9.826356418689522252e+04
9.839518363823916297e+04
9.853891315744789608e+04
9.868443258023727685e+04
9.882015520824326086e+04
9.896227159222163027e+04
9.910342443761062168e+04
9.924957750171294902e+04
9.939557536763006647e+04
9.954145004597671505e+04
9.967971983585451380e+04
9.981964439042683807e+04
9.995604505187545146e+04
1.000910511799511733e+05
1.002322052184117347e+05
1.003637756702347979e+05
1.005026653879477090e+05
1.006466663261491485e+05
1.007856646908848052e+05
1.009273490255580255e+05
1.010677087945090898e+05
1.012051024007213273e+05
1.013522971559710277e+05
1.014904968177317642e+05
1.016354140347596258e+05
1.017708836326971650e+05
1.019131059779057832e+05
1.020465844049640436e+05
1.021875329159481626e+05
1.023294555221209594e+05
1.024671763505597337e+05
1.026083469982680108e+05
1.027471971949696017e+05
1.028800553405743267e+05
1.030116688212000299e+05
1.031412414796896046e+05
1.032816424805118731e+05
1.034144271153038280e+05
1.035514419242918666e+05
1.036835433958287176e+05
1.038245336458805250e+05
1.039557330366145325e+05
1.040971438481732621e+05
1.042369515342944796e+05
1.043762477297983714e+05
1.045150223575643467e+05
1.046576080370999989e+05
1.047978505039373849e+05
1.049297834902932809e+05
1.050697359327461018e+05
1.052082608359664737e+05
1.053450269552599202e+05
1.054794480451740674e+05
1.056257781858353701e+05
1.057643926129452739e+05
1.059067699025086913e+05
1.060411317359741661e+05
1.061835201418166398e+05
1.063185390111154120e+05
1.064638919418307196e+05
1.066017871725805308e+05
1.067456813427875168e+05
1.068809285431030294e+05
1.070173436737398006e+05
1.071507584282666066e+05
1.072876873077965865e+05
1.074245825842331833e+05
1.075552744118272967e+05
1.077016255743982765e+05
1.078474074684346706e+05
1.079904200784732529e+05
1.081297776203062822e+05
1.082628742310777743e+05
1.084056261844090041e+05
1.085413050291610998e+05
1.086724275508116698e+05
1.088152148621321103e+05
1.089502100684961915e+05
1.090876205779507727e+05
1.092339054332543456e+05
1.093648910774279648e+05
1.094980359606466227e+05
1.096413543584370782e+05
1.097790499071177765e+05
1.099249569439048355e+05
1.100532008816645102e+05
1.101869462297754362e+05
1.103259329489999072e+05
1.104627609801771177e+05
1.106078515204990108e+05
1.107441007431715407e+05
1.108808876030917309e+05
1.110186735904368106e+05
1.111529735815298045e+05
1.112896173077729181e+05
1.114307380107019562e+05
1.115677051379796321e+05
1.117070472651950258e+05
1.118451006002759095e+05
1.119871607206130429e+05
1.121254580049082870e+05
1.122728815443611966e+05
1.124172024710914266e+05
1.125579047094585694e+05
1.126949445683558442e+05
1.128303967698963097e+05
1.129667506335015933e+05
1.131105062418293383e+05
1.132478501034758228e+05
1.133806877622529719e+05
1.135169490170715289e+05
1.136556304770077113e+05
1.137977962865814188e+05
1.139322230062242452e+05
1.140714484981033456e+05
1.142100959989772236e+05
1.143515234453843150e+05
1.144891160735727899e+05
1.146270928265032126e+05
1.147663889032179723e+05
1.149042947852759826e+05
1.150343653642190620e+05
1.151698749110714271e+05
1.153128886172408675e+05
1.154589929802286351e+05
1.155983577612997615e+05
1.157364915820173483e+05
1.158662643567483028e+05
1.160003644896877086e+05
1.161442721178437641e+05
1.162900514500110585e+05
1.164210421447036060e+05
1.165641137968990806e+05
1.167031989534173044e+05
1.168375313714702643e+05
1.169755922786604060e+05
1.171175154068706906e+05
1.172527624099619570e+05
1.173838702802117914e+05
1.175164879774321162e+05
1.176543529879108683e+05
1.177840036875882070e+05
1.179170287884878198e+05
1.180605828286532051e+05
1.181914111719224748e+05
1.183276798214091104e+05
1.184647386210998957e+05
1.186085911100775556e+05
1.187479342973633029e+05
1.188798362805656070e+05
1.190212356106321240e+05
1.191584305960514757e+05
1.192999824828378478e+05
1.194357876551433001e+05
1.195735591344818968e+05
1.197040235875385988e+05
1.198436607191244693e+05
1.199889814149168233e+05
1.201283413297049265e+05
1.202718968724296865e+05
1.204089092008514854e+05
1.205461465078995680e+05
1.206851572876631108e+05
1.208209918529173010e+05
1.209649095498111710e+05
1.211013719197506725e+05
1.212445772357667593e+05
1.213876650056484068e+05
1.215299193479009991e+05
1.216733641425774986e+05
1.218030909093559312e+05
1.219391609284117294e+05
1.220774794043457659e+05
1.222097260082298890e+05
1.223442976617714594e+05
1.224781566593123571e+05
1.226165740090329782e+05
1.227482035406772775e+05
1.228889506128335343e+05
1.230240942834443558e+05
1.231618530494983861e+05
1.233014428802547918e+05
1.234325031360352150e+05
1.235752227212004072e+05
1.237148264479566715e+05
1.238492799439849186e+05
1.239757187810007308e+05
1.241136682650052244e+05
1.242569602586170076e+05
1.244028432656521472e+05
1.245417886098321032e+05
1.246831040112682967e+05
1.248164089684550272e+05
1.249450013774956315e+05
1.250702307458219730e+05
1.252174045805355563e+05
1.253485453433925140e+05
1.254926651034798560e+05
1.256231013028172747e+05
1.257539728511405992e+05
1.258858172173392522e+05
1.260288652288357698e+05
1.261783367708403530e+05
1.263138889576585207e+05
1.264551927717760700e+05
1.265969137823283381e+05
1.267352444336899352e+05
1.268754118771293142e+05
1.270157909892807511e+05
1.271554354737985122e+05
1.272982733445839403e+05
1.274292119023526611e+05
1.275727048822276847e+05
1.277106137667712901e+05
1.278606029740129597e+05
1.280047464307767950e+05
1.281364573917382659e+05
1.282765684926345421e+05
1.284179580106342473e+05
1.285535204360507341e+05
1.286911076535113680e+05
1.288254603258148563e+05
1.289609121268458694e+05
1.291086339809062920e+05
1.292494380046783626e+05
1.293783312785224844e+05
1.295143417117832723e+05
1.296488451947323774e+05
1.297837709898575849e+05
1.299294889743674867e+05
1.300680227365783649e+05
1.302055603963345638e+05
1.303348085070768284e+05
1.304815412813599542e+05
1.306170227973649889e+05
1.307597267007262999e+05
1.308929112748717744e+05
1.310254577702044771e+05
1.311639656797313073e+05
1.313012253173305071e+05
1.314371081130316597e+05
1.315821032535508275e+05
1.317218194136657985e+05
1.318629573742182693e+05
1.319938619799515582e+05
1.321283240764019720e+05
1.322744511989571911e+05
1.324107589157478651e+05
1.325475610881757457e+05
1.326830096331353998e+05
1.328198039806304150e+05
1.329509470693783078e+05
1.330911016114171653e+05
1.332207535534952476e+05
1.333653611184218898e+05
1.335022068719135423e+05
1.336365768883472483e+05
1.337739222416932753e+05
1.339153451427011460e+05
1.340594488992858678e+05
1.341962972107997630e+05
1.343314284956815536e+05
1.344646083900920639e+05
1.346040398512527463e+05
1.347375204230705567e+05
1.348735824453617970e+05
1.350095240547468129e+05
1.351621949291532219e+05
1.352984557673349627e+05
1.354261953858398774e+05
1.355634078515490401e+05
1.357122978468489891e+05
1.358530240481313958e+05
1.359895515273568744e+05
1.361222008340317407e+05
1.362571781020110939e+05
1.364050482085456897e+05
1.365386584433966782e+05
1.366814924991220469e+05
1.368183089874257857e+05
1.369597761173830077e+05
1.370856956099039526e+05
1.372302307488419756e+05
1.373765916336409282e+05
1.375274760541511350e+05
1.376690358921380248e+05
1.378049859051889507e+05
1.379361803177187103e+05
1.380706827313124377e+05
1.382091548490915739e+05
1.383512494326244632e+05
1.384863536424584745e+05
1.386212102653693000e+05
1.387545349515764974e+05
1.388935669717289275e+05
