7.245275133957686364e+01
1.762268328765824776e+02
2.652573403707930879e+02
3.304362203555053270e+02
4.597317973663356270e+02
5.395218747476037606e+02
6.414872091718482352e+02
7.772240556799401929e+02
8.769411053552491921e+02
9.633329823525335769e+02
1.085903249095706769e+03
1.198011355360337348e+03
1.296838726155817767e+03
1.475390065120322788e+03
1.577489734176514958e+03
1.660730528123206795e+03
1.743166403975972571e+03
1.826672563745705247e+03
1.904882136728381738e+03
1.999216673270113688e+03
2.092481837442654978e+03
2.173881943570490876e+03
2.268567537596302827e+03
2.375864913088082176e+03
2.516772327681252136e+03
2.584201851929914483e+03
2.640968854231407931e+03
2.744401201494796169e+03
2.824484480945714040e+03
2.939264711392530899e+03
3.054876096477998090e+03
3.166875396416988679e+03
3.250510695656120788e+03
3.362717892077877423e+03
3.456624322967927583e+03
3.542608201762947829e+03
3.621052569979025066e+03
3.683857371816106024e+03
3.744392119203153470e+03
3.790441109297959883e+03
3.885200316108145216e+03
3.934488664381867238e+03
4.023074533026369863e+03
4.111049623926455752e+03
4.178228707634565581e+03
4.251888139956893610e+03
4.388482567245082464e+03
4.533990340486292553e+03
4.598069492277370955e+03
4.671328476921716174e+03
4.746826888445889381e+03
4.854856126885383674e+03
4.949075039564457256e+03
5.014894645363030577e+03
5.115485824550408324e+03
5.207187222135484262e+03
5.319884144019993983e+03
5.409437976753195471e+03
5.500133556585457882e+03
5.599725389537385126e+03
5.728383417025535891e+03
5.844428026138749374e+03
5.930689412095890475e+03
6.081931523060420659e+03
6.235814249136725266e+03
6.312069516848166131e+03
6.412804105595844703e+03
6.571575470436771866e+03
6.689717459603162752e+03
6.816695847065819180e+03
6.928626724268577163e+03
7.046116104866768183e+03
7.163405729230557881e+03
7.235036628518130783e+03
7.310126807092623494e+03
7.433685003319575117e+03
7.534148930332966302e+03
7.647296159681903191e+03
7.797476789942257710e+03
7.898273527673068202e+03
7.967671127523396535e+03
8.081868278541190193e+03
8.179007003612493463e+03
8.260458430348060574e+03
8.364364721478481442e+03
8.441263879714897485e+03
8.500380319672154656e+03
8.621972505061017728e+03
8.705052386622617632e+03
8.812484048620231988e+03
8.925714815113304212e+03
9.029448784754687949e+03
9.168555080506097511e+03
9.241110073838781318e+03
9.394921865574187905e+03
9.517670472880989109e+03
9.700377202111760198e+03
9.800985719437854641e+03
9.873971742919375174e+03
1.001877941385324630e+04
1.014195118123078464e+04
1.022386791070478648e+04
1.030963824005153401e+04
1.043382302066810917e+04
1.046623879986385873e+04
1.055217783962017529e+04
1.065836962621038219e+04
1.075191973209709795e+04
1.087915833583293170e+04
1.098491003655980057e+04
1.109492413900843167e+04
1.121044755404505668e+04
1.131375414430298770e+04
1.137765772493153963e+04
1.146845432351276941e+04
1.155830014961374945e+04
1.165797218001010333e+04
1.174994288731838606e+04
1.191557628661764466e+04
1.199648037139817643e+04
1.213787220479355710e+04
1.220930550248831787e+04
1.227495427363776980e+04
1.241000340755269826e+04
1.249287062937434530e+04
1.259015357090896396e+04
1.266069539278287994e+04
1.272082590563329722e+04
1.283321983722313053e+04
1.294598646864406328e+04
1.307153376533945084e+04
1.320514067480318954e+04
1.331518352838333340e+04
1.344432410596023692e+04
1.352353090829532994e+04
1.362717706019952129e+04
1.374147124976718987e+04
1.383726412065327895e+04
1.392302765212721170e+04
1.406574522631906439e+04
1.415074562553283067e+04
1.427632928185180390e+04
1.434328692789461093e+04
1.442630415038041065e+04
1.446857474270672719e+04
1.460454028910735360e+04
1.467060461711997777e+04
1.477492209681774693e+04
1.487177282234059567e+04
1.497202769165675454e+04
1.506652240281022387e+04
1.517509256917375387e+04
1.529871975193624530e+04
1.541942859271805173e+04
1.551003612596815583e+04
1.562355252791631210e+04
1.573990955236278387e+04
1.582015273128336776e+04
1.593454013265953836e+04
1.601873783682471549e+04
1.610774990164418159e+04
1.624491250844913884e+04
1.631227446657634391e+04
1.639526664158134008e+04
1.652027497664580369e+04
1.660441201628874842e+04
1.668738358387689368e+04
1.675539244356273048e+04
1.682804557191020649e+04
1.692732976434663578e+04
1.704236742766663156e+04
1.711548628928367543e+04
1.722528396950467140e+04
1.732367329910321132e+04
1.741998779813476722e+04
1.752229688078731124e+04
1.761378090678618537e+04
1.771177484770122464e+04
1.780435009802582863e+04
1.793950713696227831e+04
1.804679598417984380e+04
1.817454497709028874e+04
1.825883592457536724e+04
1.833759149380178133e+04
1.841389705637906445e+04
1.853120170487524956e+04
1.865693294422496183e+04
1.873130650799344585e+04
1.885875282121131386e+04
1.891645049929091329e+04
1.900471263236519007e+04
1.907529258405221844e+04
1.918099046724026266e+04
1.932551671716146666e+04
1.940262529128899769e+04
1.952407313259792500e+04
1.960477625458999319e+04
1.971443561530420993e+04
1.981222444647635712e+04
1.993902568070014968e+04
2.003574133379685736e+04
2.018530948452954181e+04
2.027324909758792637e+04
2.041846480896730282e+04
2.049823605954475715e+04
2.063699216512697603e+04
2.074266177008453087e+04
2.082320587981097196e+04
2.092907155442196745e+04
2.101348013898641148e+04
2.111175012520589007e+04
2.119346775198558680e+04
2.134846434893797050e+04
2.141567921635115999e+04
2.152692468401380029e+04
2.168084115277676756e+04
2.175562115419206384e+04
2.184179012530692125e+04
2.192169330807771985e+04
2.206886163857518113e+04
2.214478486743179747e+04
2.224382094793726719e+04
2.233692037164918293e+04
2.240829463261889032e+04
2.254622771291224126e+04
2.265866228074321407e+04
2.276336262040249858e+04
2.286640203489751366e+04
2.302024191755475113e+04
2.313118385219489210e+04
2.327124013699622810e+04
2.336675089570065393e+04
2.344936457116658858e+04
2.353503406569687650e+04
2.360864138170083606e+04
2.367079540657044345e+04
2.380023687111189429e+04
2.392205958633189221e+04
2.403100494544744288e+04
2.417976778998865848e+04
2.429811163073513671e+04
2.444396275170600711e+04
2.458332759505351351e+04
2.467738518314090470e+04
2.475073498163278782e+04
2.488574744663800811e+04
2.497100140681403354e+04
2.508069107893653199e+04
2.515260906404428897e+04
2.527872427401387904e+04
2.534746409483630487e+04
2.544192519786779667e+04
2.557681087806950745e+04
2.565059010512561872e+04
2.572075712684368773e+04
2.580362338188552894e+04
2.591338781855475827e+04
2.604007454656773916e+04
2.617401498361819904e+04
2.630795932309001728e+04
2.639963867372688765e+04
2.649180341090233560e+04
2.656325270860272212e+04
2.667299284883296787e+04
2.677027705567150042e+04
2.687139536677298020e+04
2.700262180569722841e+04
2.707247741796926857e+04
2.714524532537495543e+04
2.724572139783404782e+04
2.737864560815639925e+04
2.748429422798585438e+04
2.757160877464190344e+04
2.767409328514209119e+04
2.774863741989932532e+04
2.781666320520691079e+04
2.799410174749712314e+04
2.810222504986138665e+04
2.816868225496422383e+04
2.824553571709604876e+04
2.831426925610140825e+04
2.843580282007126516e+04
2.854403331693935615e+04
2.861725964085084706e+04
2.873259375078406083e+04
2.879574302247254673e+04
2.891899173407754643e+04
2.904867740497444902e+04
2.911303203771360859e+04
2.918428077293929164e+04
2.927840256471237444e+04
2.937758672086664956e+04
2.947221469016237461e+04
2.958040861691370810e+04
2.971326136021799539e+04
2.986449987895108643e+04
2.993815225224350797e+04
3.001427276700619041e+04
3.008000384121712705e+04
3.017761739658192528e+04
3.031898952938739603e+04
3.041605044196151721e+04
3.051928706254637291e+04
3.064510569380862216e+04
3.074912612161505967e+04
3.082392328625337177e+04
3.097840721304935869e+04
3.106824878184630143e+04
3.114277148213611144e+04
3.125122453203281839e+04
3.136415919979525279e+04
3.147394391634536805e+04
3.159068124602015814e+04
3.171113384888535802e+04
3.178636713014727866e+04
3.189680508927430492e+04
3.199436921817676557e+04
3.208028827269187605e+04
3.223022935162080830e+04
3.229934341619003681e+04
3.240967084810710367e+04
3.248507621459845905e+04
3.261198038233363695e+04
3.267102205951200449e+04
3.273865130885650433e+04
3.288506018518986093e+04
3.300177307336152444e+04
3.310397886438740534e+04
3.324742053308440518e+04
3.336043006543255615e+04
3.344985158656442218e+04
3.359429876670798694e+04
3.370834719721133297e+04
3.377575983742254175e+04
3.386757813866420474e+04
3.393004266370182449e+04
3.403015597343507397e+04
3.411941914879054093e+04
3.423429948528841487e+04
3.431883309901275788e+04
3.441978067601953808e+04
3.448606423582405841e+04
3.459910919459887373e+04
3.470599942812412337e+04
3.476383703089018672e+04
3.481764980176631798e+04
3.492095529473829083e+04
3.501259648233198823e+04
3.515102447106234467e+04
3.525663891987587704e+04
3.539422436237111833e+04
3.545389336344376352e+04
3.564740221825338085e+04
3.572383726202540856e+04
3.581832408904421754e+04
3.599728040726762993e+04
3.609837465590818465e+04
3.627677339898595528e+04
3.637802872589224717e+04
3.646026160062336567e+04
3.655455983780094539e+04
3.663969819327038567e+04
3.677101768635062035e+04
3.693657276831739000e+04
3.698664912451380224e+04
3.705984281099818327e+04
3.716824232188531460e+04
3.728075029500952223e+04
3.738986054915947898e+04
3.745135799860687257e+04
3.753598330226738472e+04
3.766500194172807824e+04
3.775509243610998237e+04
3.784910080884269701e+04
3.792472230661615322e+04
3.801197899083734956e+04
3.809519524605725019e+04
3.824125302672360704e+04
3.834769897853353905e+04
3.840835781691366719e+04
3.848631307855626073e+04
3.854404840270227578e+04
3.867225188894473831e+04
3.884593424768558179e+04
3.897426100404081080e+04
3.909332950167886884e+04
3.922240408076530002e+04
3.931614163200760959e+04
3.937542566147753678e+04
3.949086227107098966e+04
3.962422759968214086e+04
3.972035772199703933e+04
3.984634780894801224e+04
3.996036492519149033e+04
4.011387887022209907e+04
4.019308481235893123e+04
4.031172156470056507e+04
4.037189821886176651e+04
4.045709247666670126e+04
4.061825055404451996e+04
4.070820066158439295e+04
4.078722836546125473e+04
4.089222660383102630e+04
4.099768792974585085e+04
4.110187243997489713e+04
4.118975143607577047e+04
4.128433054496192199e+04
4.137534951856473344e+04
4.145649601863931457e+04
4.157049129098866251e+04
4.168527581504478439e+04
4.182587726795204071e+04
4.194603606046594359e+04
4.206251939215981110e+04
4.219394222168667329e+04
4.226561687898241507e+04
4.233345815059385495e+04
4.247974911595084995e+04
4.257018920069498563e+04
4.273824852229795943e+04
4.284441799230502511e+04
4.289250389252302557e+04
4.301597747522928694e+04
4.311848084497203672e+04
4.322562701365177782e+04
4.331831637646110903e+04
4.336134475849587761e+04
4.344050114979512728e+04
4.352605771588246716e+04
4.368939157932841772e+04
4.380423211899026501e+04
4.389625329173864884e+04
4.396573241667613911e+04
4.408982904748774308e+04
4.420371776664286881e+04
4.430583417488519626e+04
4.441936100589172565e+04
4.452039649921395903e+04
4.468792055413727212e+04
4.479728994829397561e+04
4.486809317106885283e+04
4.498104610671563569e+04
4.503737251938333793e+04
4.515128089489344711e+04
4.530143109273217851e+04
4.540296745762658247e+04
4.549398417480555509e+04
4.560829141298439936e+04
4.567083390703464829e+04
4.582493324603150540e+04
4.592943745572837361e+04
4.603264950161751767e+04
4.617605250153312227e+04
4.628273560723270202e+04
4.637293576052850403e+04
4.646827582265999808e+04
4.654923506775660644e+04
4.663500765852809855e+04
4.675124241102114320e+04
4.682257752926413377e+04
4.695061139034210646e+04
4.703591564049545559e+04
4.709287273532612744e+04
4.719211264774767187e+04
4.730666006417045719e+04
4.735593218404572690e+04
4.748742798870173283e+04
4.757618982258472533e+04
4.767235662330223568e+04
4.774916248982078832e+04
4.784023398196857306e+04
4.793192501209695183e+04
4.804177413311096461e+04
4.811050897760531370e+04
4.820321527082023385e+04
4.830623856770629936e+04
4.844900399504977395e+04
4.853906933084472257e+04
4.867800431880958786e+04
4.877304012778859760e+04
4.885873611725751107e+04
4.894545327507270122e+04
4.901174855130766082e+04
4.912238607472302829e+04
4.923203882919310126e+04
4.933212213936966873e+04
4.948609148940562591e+04
4.953979030141428666e+04
4.965963522667454527e+04
4.973181477469295351e+04
4.987399254201605072e+04
4.996609977837883343e+04
5.010403951595825492e+04
5.018797381524964294e+04
5.030140101920832967e+04
5.041046664864932973e+04
5.051470960449214181e+04
5.062367137743568310e+04
5.070233977813138335e+04
5.080129507593247399e+04
5.088863729817358399e+04
5.098060036837981897e+04
5.107338585594824690e+04
5.114904321272532252e+04
5.128448659523946844e+04
5.137406715465823800e+04
5.145143990798547020e+04
5.156009851487987180e+04
5.161227162824961852e+04
5.171485800998615741e+04
5.183463257823596359e+04
5.196988923739576421e+04
5.207418376270408044e+04
5.220697247177226382e+04
5.231591524303566257e+04
5.243038719529721857e+04
5.261031478236318799e+04
5.270633102221384615e+04
5.284005968972371193e+04
5.294519238637483068e+04
5.303517268822695041e+04
5.317545850560973486e+04
5.326576333311318012e+04
5.335192247577786475e+04
5.342903892342142353e+04
5.350508954881447426e+04
5.363365904383375891e+04
5.369611261314216972e+04
5.378150853272229870e+04
5.394050412771347328e+04
5.406539432343874068e+04
5.413080271752207773e+04
5.421244585132537759e+04
5.431376555962571001e+04
5.441225488709392084e+04
5.456246985965900240e+04
5.462144579569517373e+04
5.476715603494137758e+04
5.485585599450788141e+04
5.493985266097613203e+04
5.506092686550648796e+04
5.515442160359031550e+04
5.525775721048567357e+04
5.538002820588172472e+04
5.549922038824297488e+04
5.560129758346933522e+04
5.569335691504803253e+04
5.574057974549967912e+04
5.586249871206441458e+04
5.595679879599680135e+04
5.606262857026040001e+04
5.611068509230368363e+04
5.623324842571812042e+04
5.634911309429363610e+04
5.645005607732207136e+04
5.662165422994230903e+04
5.671313854783315037e+04
5.679539346437472705e+04
5.694705571612224594e+04
5.702771692917749169e+04
5.714246902826719452e+04
5.727497508380121872e+04
5.738703082936787541e+04
5.746732691692074150e+04
5.751598733581010310e+04
5.762434818220028683e+04
5.770873469456873863e+04
5.778268340676489606e+04
5.792193758588941273e+04
5.806743920113925560e+04
5.815895326864889648e+04
5.825009631011410966e+04
5.835461523713503266e+04
5.845456792270825827e+04
5.853278086106923729e+04
5.868620737933792407e+04
5.885733821765886387e+04
5.897358030242107634e+04
5.903702305496241752e+04
5.912368627764056146e+04
5.922042507372314867e+04
5.933355508409131289e+04
5.943990576126597443e+04
5.956475438809856860e+04
5.965545143000872486e+04
5.980714197249991412e+04
5.986528746910815971e+04
5.999902169107999362e+04
6.011494645992000005e+04
6.021640297816059319e+04
6.029142655707567610e+04
6.044228172437252215e+04
6.056006655060537742e+04
6.066771580877579254e+04
6.080912104171715328e+04
6.092023391619807808e+04
6.107269805886309769e+04
6.114126492026483902e+04
6.122710838806395623e+04
6.130292924754218984e+04
6.140591835213592276e+04
6.146724799440465722e+04
6.157522151464270428e+04
6.169595063750939153e+04
6.181459444281493779e+04
6.195065570885386842e+04
6.204956732111028396e+04
6.220346652521236683e+04
6.227479460084042512e+04
6.239902497496618162e+04
6.253332717649744882e+04
6.263914604743685049e+04
6.271985889217115619e+04
6.284740692736391065e+04
6.291193576219516399e+04
6.303461091327636677e+04
6.311826592397723289e+04
6.322890117950048443e+04
6.340211879765283811e+04
6.350912961217172415e+04
6.358312992211813980e+04
6.368638705804034544e+04
6.380325850330750109e+04
6.392577330790646374e+04
6.402458721732304548e+04
6.413096797647685162e+04
6.423231124412044301e+04
6.428800798239641881e+04
6.444217373646680062e+04
6.451836933912044333e+04
6.467803325519752980e+04
6.481952199121842568e+04
6.489902525610628800e+04
6.503275764158184757e+04
6.514467905630379391e+04
6.522482524672862928e+04
6.531507859052549611e+04
6.540721968787111109e+04
6.548175631832017098e+04
6.553295950751506462e+04
6.558693105141686101e+04
6.568326828882799600e+04
6.577555425399640808e+04
6.586941112172185967e+04
6.594574750057178608e+04
6.603705146132111258e+04
6.613143642952443042e+04
6.622745692335275817e+04
6.630235637352587946e+04
6.646018342083218158e+04
6.655813457012196886e+04
6.661572787134982354e+04
6.675893495413768687e+04
6.685990781185707601e+04
6.693352414626941027e+04
6.702863578512358072e+04
6.711531199521860981e+04
6.720033653359135496e+04
6.730280783145937312e+04
6.739919581434482825e+04
6.748466340178974497e+04
6.757332705353190249e+04
6.769824536975967931e+04
6.778329476280287781e+04
6.788104052761806815e+04
6.796599493051538593e+04
6.806780908497121709e+04
6.820453248495963635e+04
6.831089572811286780e+04
6.839956435151632468e+04
6.847437293102557305e+04
6.857050911604787689e+04
6.866557203279074747e+04
6.873959003909199964e+04
6.883020002293493599e+04
6.895323527045469382e+04
6.901572500223368115e+04
6.910032973712919920e+04
6.917801096046390012e+04
6.931091667134882300e+04
6.938752644246631826e+04
6.948188439396390459e+04
6.957760520948702469e+04
6.974739749249559827e+04
6.982284844969132973e+04
6.991937488346002647e+04
7.003180050224233128e+04
7.012278397653602588e+04
7.022398857238670462e+04
7.031805721215684025e+04
7.044789890101550554e+04
7.052313746574819379e+04
7.059398759206713294e+04
7.069273491776516312e+04
7.082727011808945099e+04
7.092667685271654045e+04
7.100974857163141132e+04
7.112127400490417494e+04
7.125297365114052081e+04
7.136674796803595382e+04
7.145971896838641260e+04
7.159387903969183390e+04
7.169972255973535357e+04
7.185123266780907579e+04
7.196679547938104952e+04
7.203985746277403086e+04
7.213986688362872519e+04
7.227978610929222486e+04
7.237222258759706165e+04
7.249479788461155840e+04
7.262731287220948434e+04
7.273160371073258284e+04
7.289658246008532296e+04
7.302714397318584088e+04
7.314207594307557156e+04
7.329429917413969815e+04
7.343895984914110159e+04
7.356710301229647303e+04
7.362919512520849821e+04
7.376011736462281260e+04
7.386351677465213288e+04
7.399067447454720968e+04
7.409499718542803021e+04
7.423478793641865195e+04
7.440343136205308838e+04
7.451335258608801814e+04
7.460157933119359950e+04
7.471291439479023393e+04
7.478196382644718688e+04
7.485700710414633795e+04
7.493231511130472063e+04
7.500346054991030542e+04
7.509214338939449226e+04
7.519168676305764529e+04
7.529237080279912334e+04
7.537615243454655865e+04
7.545696774863848987e+04
7.555044406483774947e+04
7.561678585566363472e+04
7.571246466125463485e+04
7.582549763453297783e+04
7.591696681306535902e+04
7.602258363790648582e+04
7.609410696912500134e+04
7.619360052803123835e+04
7.632424700489081442e+04
7.643993601597620000e+04
7.658708591429665103e+04
7.670113224486615218e+04
7.682715889186474669e+04
7.693601220876075968e+04
7.705231214287420153e+04
7.716603323090854974e+04
7.728815570930109243e+04
7.741966611259536876e+04
7.748054740902765479e+04
7.755491543736381573e+04
7.764789852549125499e+04
7.774804817218668177e+04
7.788076965908764396e+04
7.802350299039170204e+04
7.807961236797348829e+04
7.820837033126055030e+04
7.833597989109618356e+04
7.843511157637991710e+04
7.850278535658358305e+04
7.858490838062619150e+04
7.874312477419948846e+04
7.879189705809170846e+04
7.888187390379702265e+04
7.894902427349475329e+04
7.899830972302285954e+04
7.911892882783347159e+04
7.923222496235939616e+04
7.933309205910371384e+04
7.944634057471781853e+04
7.955260482027668331e+04
7.966003733988755266e+04
7.974203175839109463e+04
7.985847718742163852e+04
7.993103392100588826e+04
7.999844059272058075e+04
8.011071138699720905e+04
8.023433658444824687e+04
8.030460679420127417e+04
8.041308461580859148e+04
8.049690000947356748e+04
8.061822371643396036e+04
8.069957868530925771e+04
8.076411894432749250e+04
8.086720462691613648e+04
8.095927209010630031e+04
8.104907307950574614e+04
8.114452923225914128e+04
8.119138298501206737e+04
8.132012746772600804e+04
8.141319479181565112e+04
8.152715924627897039e+04
8.157641492174056475e+04
8.164480431568778295e+04
8.170434887498122407e+04
8.179147196284084930e+04
8.188176447190600447e+04
8.195051631476174225e+04
8.206695418438938214e+04
8.217506178164837183e+04
8.223977861958298308e+04
8.235639323436999985e+04
8.242254603285438498e+04
8.253565314230869990e+04
8.260540649114074768e+04
8.266062681635135959e+04
8.280261208974437614e+04
8.292950689796314691e+04
8.307407389584954944e+04
8.320328672146782628e+04
8.334649006201249722e+04
8.347900775435802643e+04
8.359383548326879099e+04
8.370144935930910287e+04
8.375322398070203781e+04
8.384459135662826884e+04
8.395092296974878991e+04
8.412962066111119930e+04
8.421246251785746426e+04
8.427533209803306090e+04
8.438491700365698489e+04
8.450233842990176345e+04
8.458844104859855724e+04
8.472297715992749727e+04
8.480122959162302141e+04
8.491793362089632137e+04
8.500316300477685581e+04
8.512128277096824604e+04
8.524737819114416197e+04
8.533267581729110680e+04
8.538840224704040156e+04
8.549440795592716313e+04
8.556852161225378222e+04
8.567747180863871472e+04
8.578269352040071681e+04
8.583761413183266995e+04
8.590274381848561461e+04
8.598501600272714859e+04
8.609688266179665516e+04
8.616619758544374781e+04
8.631683169690874638e+04
8.643240487652104639e+04
8.650705003628520353e+04
8.660445685269555543e+04
8.672867431403831870e+04
8.689855939920392120e+04
8.700994046040473040e+04
8.708631113154740888e+04
8.725080236122445785e+04
8.736529055658000289e+04
8.748394735257313005e+04
8.759874274729279568e+04
8.768297923351007921e+04
8.777406694969964155e+04
8.788963935487170238e+04
8.803098334403629997e+04
8.816442081300818245e+04
8.834085019111151632e+04
8.844652212577829778e+04
8.855890977915341500e+04
8.863686594749288633e+04
8.874626207771481131e+04
8.884948177971411496e+04
8.897698066127621860e+04
8.908721374885036494e+04
8.920755254830114427e+04
8.929254511135596840e+04
8.940312130537140183e+04
8.948229187502535933e+04
8.959319738310524554e+04
8.974335446615872206e+04
8.986064601565375051e+04
8.996962133056150924e+04
9.007410277252897504e+04
9.021123745591280749e+04
9.031918695643746469e+04
9.040721700435531966e+04
9.048095909799695073e+04
9.058844338601303753e+04
9.070569213609918370e+04
9.082173591287196905e+04
9.091614589895728568e+04
9.097639497919772111e+04
9.105263211545402010e+04
9.117318649917990842e+04
9.127862173684782465e+04
9.137694095445089624e+04
9.147633609189618437e+04
9.160264160167571390e+04
9.168078029017453082e+04
9.178343984568082669e+04
9.193457462615348049e+04
9.205489239788296982e+04
9.218782926329576003e+04
9.228340238990842772e+04
9.236173194562256685e+04
9.251615339212687104e+04
9.262739193874130433e+04
9.273005869431540486e+04
9.287597089615445293e+04
9.295557183855651238e+04
9.310772548637713771e+04
9.322623930854792707e+04
9.339790553545053990e+04
9.348454903760163870e+04
9.357414350107344217e+04
9.365482834740231920e+04
9.373162430908349052e+04
9.378995232823662809e+04
9.388408881828337326e+04
9.397019070817307511e+04
9.407763131328098825e+04
9.415897474765060178e+04
9.427641573982431146e+04
9.439354814570529561e+04
9.451897844696875836e+04
9.460111678450777254e+04
9.466706052961107343e+04
9.472845557710125286e+04
9.490386330329935299e+04
9.502521051639002690e+04
9.517353673920496658e+04
9.523755149314810114e+04
9.531239106899331091e+04
9.540844750575737271e+04
9.549095701762888348e+04
9.558817055602854816e+04
9.566799072378131677e+04
9.578313372701713524e+04
9.586223917114592041e+04
9.600971382130861457e+04
9.610833764870830055e+04
9.623426528459224210e+04
9.631948568023191183e+04
9.641574062838384998e+04
9.648980474231616245e+04
9.665817564207866963e+04
9.675632870058993285e+04
9.683292834962846246e+04
9.693331882532795134e+04
9.703976450988434954e+04
9.718198667946265778e+04
9.726920246099962969e+04
9.737973025948119175e+04
9.751387397937105561e+04
9.764009659303305671e+04
9.773441816320452199e+04
9.782752780129251187e+04
9.791231319447886199e+04
9.800492574179099756e+04
9.810182601368239557e+04
9.821076323545371997e+04
9.832902128675578570e+04
9.842753364958213933e+04
9.848612108634696051e+04
9.857912263057564269e+04
9.868243370411144861e+04
9.877400342665311473e+04
9.888950308095361106e+04
9.894379339934990276e+04
9.905313132925998070e+04
9.916523922400202719e+04
9.929068120781333710e+04
9.945114097152480099e+04
9.953393867429796956e+04
9.958735338803108607e+04
9.967435692078761349e+04
9.977851046316290740e+04
9.988380246491171420e+04
1.000372605621745897e+05
1.001370902308715886e+05
1.002099071759329818e+05
1.003453831985424185e+05
1.004653380389674567e+05
1.005473212028791895e+05
1.006169585468334262e+05
1.007047210751209495e+05
1.008224484764385852e+05
1.009141391313757922e+05
1.010372903237025603e+05
1.011568774159826426e+05
1.012527274469715194e+05
1.013118642409118183e+05
1.014605748150782310e+05
1.015946109623964876e+05
1.016983140677913616e+05
1.017863239777136914e+05
1.018561399776838807e+05
1.019150562163819268e+05
1.019627487649732502e+05
1.020723243218577554e+05
1.021378774579937599e+05
1.022870486088360776e+05
1.023567215508442459e+05
