6.826380812172122603e+01
1.502832396967607735e+02
1.949523914738382473e+02
2.422111811783293831e+02
3.057514489999782654e+02
3.494478719533132107e+02
4.390030201124117752e+02
4.739133648566939314e+02
5.403591115432498100e+02
5.859116428102920509e+02
6.343772550767772600e+02
6.679374049624537975e+02
7.090159823980072815e+02
7.946195494763046554e+02
8.501744844643540091e+02
8.770302800403469519e+02
9.199419208471470029e+02
9.646491750151446922e+02
1.006454011007952545e+03
1.099071595260277263e+03
1.133330861691290011e+03
1.212792332085448379e+03
1.241529082735096836e+03
1.292143780034510428e+03
1.362584115956093910e+03
1.425538411874944131e+03
1.461670579034135017e+03
1.507722225456313708e+03
1.567360811186880710e+03
1.618030665116842101e+03
1.658072254171562918e+03
1.683567956850361952e+03
1.727733072441960303e+03
1.750416031573440705e+03
1.802451113718356737e+03
1.831076619168202569e+03
1.901565706357382624e+03
1.928712406167932158e+03
1.958203675196818267e+03
1.999014281874111248e+03
2.028278272493235136e+03
2.096550551870740946e+03
2.124735917224674267e+03
2.193220213889197566e+03
2.217883023403094739e+03
2.262227260395045505e+03
2.328611007565845284e+03
2.387208572245041069e+03
2.462188947693916361e+03
2.522142799076054416e+03
2.556505577182755587e+03
2.601945331866608285e+03
2.629094168912993609e+03
2.670527215296042868e+03
2.708151355904872162e+03
2.732155738274309897e+03
2.756413236569280798e+03
2.781728425746684934e+03
2.817987590689022909e+03
2.858507527800319167e+03
2.945195729018063048e+03
2.986182637082518340e+03
3.012251752635062076e+03
3.035661614925793856e+03
3.056107864475046426e+03
3.089389634938009749e+03
3.112090756439570669e+03
3.138409785876460774e+03
3.175697931248578698e+03
3.237574070484708500e+03
3.266264355622467974e+03
3.301497194852407119e+03
3.329281764592022228e+03
3.363973211673223432e+03
3.405076978918223631e+03
3.432568267419197127e+03
3.456883856218622896e+03
3.512403740710979946e+03
3.534820580341004188e+03
3.559221365668664021e+03
3.583575937573535612e+03
3.624946781262119657e+03
3.651680720175133956e+03
3.697979865695328499e+03
3.755701384197144307e+03
3.788529546091223892e+03
3.848568278249942978e+03
3.897118897017020572e+03
3.924923928205137599e+03
3.986883011726042696e+03
4.031823914485609748e+03
4.076570345969853861e+03
4.130770830795243455e+03
4.178010376641844232e+03
4.233735890865023975e+03
4.283524982382358758e+03
4.318176260776888739e+03
4.346295537079383394e+03
4.403254178663371022e+03
4.442883035915433538e+03
4.474172067033400708e+03
4.500164093139739634e+03
4.545758818356838674e+03
4.588803259267752765e+03
4.661177284550812146e+03
4.725591954483154950e+03
4.749835758099715349e+03
4.865940691653689100e+03
4.885872269932300696e+03
4.926920152765983403e+03
4.986426895374641390e+03
5.033587031133573873e+03
5.092570557405977524e+03
5.112267313375883532e+03
5.134101001635057401e+03
5.171890225315560201e+03
5.204780499257345582e+03
5.241775625579468397e+03
5.273596055592593075e+03
5.297482204991113576e+03
5.352435632866905507e+03
5.386848447503696661e+03
5.438941078077949896e+03
5.462128886878406774e+03
5.506883185174900063e+03
5.532635246924440253e+03
5.569892782553108191e+03
5.622622538292226636e+03
5.639282953814581560e+03
5.706256050746841538e+03
5.736076173953222678e+03
5.762985436592693986e+03
5.786187299571845870e+03
5.819566120935457548e+03
5.851509622498741010e+03
5.881221610804735064e+03
5.908985935423503179e+03
5.976578270656174027e+03
6.026198407950584624e+03
6.093173752314913145e+03
6.136676327353587112e+03
6.168201933779564570e+03
6.195619063846582321e+03
6.218517718244819662e+03
6.252199450988470744e+03
6.271438339103714497e+03
6.301705954668720551e+03
6.345349599065794791e+03
6.373540368641557507e+03
6.416216174092071924e+03
6.436438503723788017e+03
6.488111695770925508e+03
6.515983646128835971e+03
6.543169331593777315e+03
6.597086459687135175e+03
6.688018543117153968e+03
6.736453072679709294e+03
6.759771169704877138e+03
6.781739563913799429e+03
6.804872067925050032e+03
6.831540377674701631e+03
6.862822313312158258e+03
6.905633094981799331e+03
6.957017714355790304e+03
6.992365139514526163e+03
7.012760776462051581e+03
7.042300931289567416e+03
7.075705799135887901e+03
7.111276808317745235e+03
7.130044455265963734e+03
7.161946261107940700e+03
7.211320705868623918e+03
7.237471803347903005e+03
7.277882612706903274e+03
7.308757625607433511e+03
7.341064247522826918e+03
7.370819146562567767e+03
7.414523466057249607e+03
7.453794299282531938e+03
7.478741853431066374e+03
7.532712605151318712e+03
7.552564425474394739e+03
7.577752456672678818e+03
7.598337815930546640e+03
7.659571885348394062e+03
7.691354782198604880e+03
7.729734476762308987e+03
7.762776746098324111e+03
7.830211165458163123e+03
7.863258452968803795e+03
7.897872774030755863e+03
7.934849912106408738e+03
7.968646717654401982e+03
8.017814231840884531e+03
8.044496139881051931e+03
8.076831065453789051e+03
8.102274096173699036e+03
8.125302089023634835e+03
8.174901372440399427e+03
8.199941490999251982e+03
8.241203429969713397e+03
8.287017170055258248e+03
8.323207184271544975e+03
8.369007597167938002e+03
8.429665325463851332e+03
8.456034284910965653e+03
8.503679756303768954e+03
8.541570407237955806e+03
8.606722761674009234e+03
8.663309780473240608e+03
8.693929062626108134e+03
8.725436154814462498e+03
8.774512949239888258e+03
8.803693265804997282e+03
8.829622168803032764e+03
8.862046710915790754e+03
8.885358780597054647e+03
8.910782770547511973e+03
8.936565428284771770e+03
8.963234178040273036e+03
8.988579282148606580e+03
9.015407196574047703e+03
9.037028918829239046e+03
9.079588019571903715e+03
9.111238381051247416e+03
9.145745089000438384e+03
9.171953500470772269e+03
9.198786769953170733e+03
9.221529906764726547e+03
9.283185089510909165e+03
9.337833503993282648e+03
9.363591038438516989e+03
9.393421258742839200e+03
9.424716303748229620e+03
9.502904596181391753e+03
9.541463178376021460e+03
9.592612606943139326e+03
9.622039052592988810e+03
9.648979507626021586e+03
9.675433930495313689e+03
9.706142930202866410e+03
9.733073347558973182e+03
9.761169516437781567e+03
9.809046486402290611e+03
9.844636905293673408e+03
9.923442265242301801e+03
9.943452758956644175e+03
9.966303238170294208e+03
1.000210040701551043e+04
1.002771757685336888e+04
1.006672099231174798e+04
1.010285857405726892e+04
1.013556694694422004e+04
1.019590630418711953e+04
1.027971151076261413e+04
1.031264405678819458e+04
1.034652152477866912e+04
1.037217545697240530e+04
1.039993873690465625e+04
1.044337154300527800e+04
1.048769051372220747e+04
1.050978617077023591e+04
1.054822131876250023e+04
1.060260434235256980e+04
1.063284495555889771e+04
1.066381155706670324e+04
1.068589120598685440e+04
1.072515064490647455e+04
1.074884930238604466e+04
1.079149280582338179e+04
1.083283387613201921e+04
1.086466252884039386e+04
1.090667806985159041e+04
1.093816802793165880e+04
1.099423633634316138e+04
1.101601812570494985e+04
1.105486699832245358e+04
1.107354042549390397e+04
1.110052631510743959e+04
1.113641111761449974e+04
1.117338912842699028e+04
1.120673726067275493e+04
1.123225829943124700e+04
1.127261008179821511e+04
1.130717007277049015e+04
1.133425462058072662e+04
1.135888350686109879e+04
1.139107938514201669e+04
1.143306094478654450e+04
1.145395696220098398e+04
1.150462730798543271e+04
1.153103849236421775e+04
1.155195486211284333e+04
1.158619766231465474e+04
1.161118703563324743e+04
1.164203553608218863e+04
1.166236734317452829e+04
1.168222556250933121e+04
1.170779552750607036e+04
1.174567284408373962e+04
1.180184763858641418e+04
1.184542346923896184e+04
1.186636183680183603e+04
1.188935465023470169e+04
1.190605502864754817e+04
1.192576640818193664e+04
1.195973273682576109e+04
1.197978374021130730e+04
1.201997407935486081e+04
1.205062915160158263e+04
1.207837724658989100e+04
1.212559838886863872e+04
1.215456030919125078e+04
1.218302970765778264e+04
1.223387779107238566e+04
1.225632831710932260e+04
1.230048808849461238e+04
1.232736898623418165e+04
1.236204314306187189e+04
1.238556042286146294e+04
1.242617679463535751e+04
1.245207837071563335e+04
1.247338870842457982e+04
1.250685702434330597e+04
1.254109455116314712e+04
1.257664371976419170e+04
1.260011253106068762e+04
1.265432891177873171e+04
1.268502321260188546e+04
1.271042003142347130e+04
1.272950081449036770e+04
1.277044941827655748e+04
1.282799964696707866e+04
1.286636696010356900e+04
1.289120555015427090e+04
1.293195059321694680e+04
1.297113906989792849e+04
1.301692033314135915e+04
1.304691002115115589e+04
1.309427057202412834e+04
1.313028435627971157e+04
1.316174194091894242e+04
1.319427387803694546e+04
1.322145072424176760e+04
1.328237039761958658e+04
1.331146207835665336e+04
1.333260421161273007e+04
1.340677888472567429e+04
1.343811240650262516e+04
1.346356011127234706e+04
1.349816462190036145e+04
1.352220250833100908e+04
1.356322911938274228e+04
1.360621312620994831e+04
1.365791851567036974e+04
1.369067591783594980e+04
1.373274715431509321e+04
1.377751072273179489e+04
1.380882438276242647e+04
1.383668082486455205e+04
1.387537697597600345e+04
1.390353755027057923e+04
1.392510934722719867e+04
1.395597706101866243e+04
1.397775853957867730e+04
1.400919120311923143e+04
1.406431805310269010e+04
1.411215050451481147e+04
1.417953821862149925e+04
1.422044192470207236e+04
1.426205491237570823e+04
1.428138421040268622e+04
1.433680018946377822e+04
1.439059987743249803e+04
1.443702018889567444e+04
1.447638199017291117e+04
1.450730163009547323e+04
1.453194603670227661e+04
1.455665767952904935e+04
1.458181427743825770e+04
1.460123855755907425e+04
1.463726146918606173e+04
1.470523194307463200e+04
1.474281519055428907e+04
1.476784584839909257e+04
1.482371983096698932e+04
1.487146393043160606e+04
1.492915187446849632e+04
1.495103039370698389e+04
1.497565503975514002e+04
1.503864698543934719e+04
1.506731843651259624e+04
1.509706623324650172e+04
1.513756937020921578e+04
1.515647278901190839e+04
1.519852960516881649e+04
1.523187724720246842e+04
1.525964069188933536e+04
1.530445013256248603e+04
1.533252875938669422e+04
1.537873893101880822e+04
1.543767447127606101e+04
1.550800164672001301e+04
1.554075204171969926e+04
1.558779619249222014e+04
1.561289647665440134e+04
1.564441517740084055e+04
1.566504563294227046e+04
1.570156465777547419e+04
1.573152071472959142e+04
1.575485453278473324e+04
1.578573454505956579e+04
1.584438039383744945e+04
1.586499201355114383e+04
1.592473212400195735e+04
1.595229760057107887e+04
1.597695696017887713e+04
1.600460703712314717e+04
1.604046740505928756e+04
1.609224877714940340e+04
1.612587303331650219e+04
1.617202488354523848e+04
1.620556971965083903e+04
1.625956043816289821e+04
1.629786465126014627e+04
1.632700762102128647e+04
1.635239302786544431e+04
1.637843453907514959e+04
1.643399450836324831e+04
1.645440081013285453e+04
1.650369629935273770e+04
1.653694359749405339e+04
1.656447924305840934e+04
1.659985669545921337e+04
1.662581033621402457e+04
1.665986205794876878e+04
1.669391833254942321e+04
1.674548407067173321e+04
1.681149651431791062e+04
1.684264187812167802e+04
1.688324895856963849e+04
1.690703464546809482e+04
1.693765314329846660e+04
1.696274221584369297e+04
1.699707108016251368e+04
1.702654175433805722e+04
1.707683780664730875e+04
1.710334873671465903e+04
1.713422819736320162e+04
1.716289936967909671e+04
1.721223773113015704e+04
1.723349959731368654e+04
1.726252904698568454e+04
1.728934179658191351e+04
1.731524180763111144e+04
1.734494860494459135e+04
1.741309574570336554e+04
1.744667089931823284e+04
1.750535605211440998e+04
1.752600346781292319e+04
1.755960044185880906e+04
1.760715310191661774e+04
1.763197726851173138e+04
1.765655128046298341e+04
1.769046095194454756e+04
1.771491506705576467e+04
1.774091502274046434e+04
1.777149034778501664e+04
1.779774337183122043e+04
1.782443572198157563e+04
1.785233558501570951e+04
1.788278721292097907e+04
1.790409291206778653e+04
1.793592056313699868e+04
1.796471562937699127e+04
1.798384653312044247e+04
1.801694911895795667e+04
1.805880213166084286e+04
1.808713400661544438e+04
1.812300318692537621e+04
1.815394026051196852e+04
1.818702569789624249e+04
1.822161825080500057e+04
1.824898837025067405e+04
1.827436744277941762e+04
1.830310185143045965e+04
1.833024858394307739e+04
1.838894382419995964e+04
1.843253483593163764e+04
1.844959673373517217e+04
1.847661654040420399e+04
1.850489931312037879e+04
1.855724293040001794e+04
1.863087555084855558e+04
1.867501262188513283e+04
1.870048347845043099e+04
1.874492748568476964e+04
1.878046194391381141e+04
1.880977164918343624e+04
1.883472100955556743e+04
1.886079834135632700e+04
1.889357919444339859e+04
1.891903345955655459e+04
1.894800137088456904e+04
1.897168234293295973e+04
1.901873779369672411e+04
1.909181430500663555e+04
1.913859376353939660e+04
1.919838948020511816e+04
1.926130680483985998e+04
1.932560023383369116e+04
1.936052468260647220e+04
1.939873598432474319e+04
1.942646995052821876e+04
1.947672124501082726e+04
1.953270030090872024e+04
1.956563044245707715e+04
1.959595564491691039e+04
1.961572011789372482e+04
1.967178956422998453e+04
1.971313639449583206e+04
1.975224131953484903e+04
1.978734579527472670e+04
1.980921371880104925e+04
1.985895414927001548e+04
1.989666207111324184e+04
1.993197282721726515e+04
1.996684740436020729e+04
2.000647417690605289e+04
2.003646250720025273e+04
2.008297099847809295e+04
2.011158887931907884e+04
2.015576357645576718e+04
2.020146388767955068e+04
2.024687042866860793e+04
2.029046071825396939e+04
2.033010705307253011e+04
2.035302225227425151e+04
2.037093157114388305e+04
2.039397270713596299e+04
2.040884886338039360e+04
2.044115920482355068e+04
2.047017840080250244e+04
2.049438678559106484e+04
2.051928520143747664e+04
2.054472888884964050e+04
2.057177494855653640e+04
2.059811327942738717e+04
2.061919817028485340e+04
2.064559383607880591e+04
2.068750066225629416e+04
2.071965640656540927e+04
2.075885503604484984e+04
2.077801526663123514e+04
2.082205504082524931e+04
2.085087556673579820e+04
2.087467471849349022e+04
2.094634658580291216e+04
2.096961390150460284e+04
2.099585331214151665e+04
2.102918177728166120e+04
2.106082879539343048e+04
2.109330507167791802e+04
2.111646931367176876e+04
2.113986808635027410e+04
2.116977136104755118e+04
2.119983207938814303e+04
2.125888422294262273e+04
2.129010927821779842e+04
2.131968107605910700e+04
2.137413928716944793e+04
2.141491722651531381e+04
2.144851067269720807e+04
2.148944285287526145e+04
2.153602471352485736e+04
2.160538009012381008e+04
2.163661303023998335e+04
2.165734315247111954e+04
2.168224718555791696e+04
2.173633900291712416e+04
2.176212608102631930e+04
2.179084120018226167e+04
2.182766283167346046e+04
2.188243353460792059e+04
2.192458788711647139e+04
2.196707369268068214e+04
2.200320416562143510e+04
2.204210702526709792e+04
2.206584575882299396e+04
2.210045740991871207e+04
2.213311578722220656e+04
2.216446919643121873e+04
2.220297451660832667e+04
2.223339219925105135e+04
2.225725688797365729e+04
2.230186466949808164e+04
2.232641695567877105e+04
2.236473260699398816e+04
2.239475612939192797e+04
2.243531678907422975e+04
2.247052365485859264e+04
2.249169385393979610e+04
2.251308643711345940e+04
2.253493258313453407e+04
2.256884844502322449e+04
2.261285996539987900e+04
2.263654317245845232e+04
2.269036584623431554e+04
2.274022856402888647e+04
2.277023553994857502e+04
2.282699490904485356e+04
2.285152547513950776e+04
2.287767693369418339e+04
2.292270757827227135e+04
2.293686007178447107e+04
2.296456943510169003e+04
2.299153943289372910e+04
2.302561436236521331e+04
2.304852896364445041e+04
2.308949669948437440e+04
2.313568549222574802e+04
2.316831534138000279e+04
2.323525018158946477e+04
2.326173055332226795e+04
2.328152543812788281e+04
2.335703980249602319e+04
2.337986765351185386e+04
2.343095232413105259e+04
2.345967149866234467e+04
2.348625821293965055e+04
2.351924692218192649e+04
2.354471180318167171e+04
2.357692935178210973e+04
2.361382752769529179e+04
2.365949684327404975e+04
2.368647266223550469e+04
2.371008773937987280e+04
2.374050144805149102e+04
2.378068120664092930e+04
2.380477531445717977e+04
2.384975690930135534e+04
2.386976643366704229e+04
2.389057457750178219e+04
2.391118083297580597e+04
2.393853398902541812e+04
2.399371276574996591e+04
2.402149138228029187e+04
2.405609374902199488e+04
2.408806510625701048e+04
2.412163139657018837e+04
2.414524074597291474e+04
2.418589107482532199e+04
2.421140327943625016e+04
2.424531563298553738e+04
2.427675524086321093e+04
2.432903241852041174e+04
2.438105249627273952e+04
2.440498528854500546e+04
2.445148040184588535e+04
2.451189528505445560e+04
2.453933984433091973e+04
2.457974197489456492e+04
2.460566837134489833e+04
2.463836597751225054e+04
2.466353030895835400e+04
2.468209422180692854e+04
2.472065970879972883e+04
2.474437271391411923e+04
2.479943982596722344e+04
2.484391313500820252e+04
2.486026099941322900e+04
2.488511367334383249e+04
2.491919031094312959e+04
2.495986881573354549e+04
2.498535065574441251e+04
2.501383905390006839e+04
2.503556129289451565e+04
2.506927522766269612e+04
2.510898361696523352e+04
2.513459948873391477e+04
2.515934048089230419e+04
2.518728579219034145e+04
2.524896921603860392e+04
2.528246415978360892e+04
2.531566391476108402e+04
2.534998199295027371e+04
2.537877997828818479e+04
2.540736687651621469e+04
2.544440632531715528e+04
2.548324355544347782e+04
2.553916922593129493e+04
2.559354954315700525e+04
2.563247590365061842e+04
2.566023760406647125e+04
2.568223735086225861e+04
2.576045497168460861e+04
2.578139276000348036e+04
2.581752660368575380e+04
2.583470891712869707e+04
2.587313704023700120e+04
2.591306243639322201e+04
2.593723872219012992e+04
2.598702617931831992e+04
2.601198331253713332e+04
2.607857008546947327e+04
2.609955018358190500e+04
2.614583461509111294e+04
2.618516060477621431e+04
2.623194249549216329e+04
2.626401827379212045e+04
2.628150987372187956e+04
2.631774224578432040e+04
2.634398902983021981e+04
2.638152989192859604e+04
2.640728602173057516e+04
2.642643073652968815e+04
2.648998429861975092e+04
2.651841708184033632e+04
2.654359540727340573e+04
2.657876544566464145e+04
2.661494794408969028e+04
2.665517748277025021e+04
2.669967953384926659e+04
2.672923177139452673e+04
2.676977120655426552e+04
2.680565330143374740e+04
2.684753524837367149e+04
2.689425980873931621e+04
2.692867640374650364e+04
2.697548458487477546e+04
2.700756660565752827e+04
2.703850223252368232e+04
2.705668938926108240e+04
2.709580634908283173e+04
2.715577773364883615e+04
2.717663290076209523e+04
2.721596267605506364e+04
2.724816248053575328e+04
2.728179111893298614e+04
2.730160973311346970e+04
2.734195938165318876e+04
2.737314066941163765e+04
2.739665878455998245e+04
2.742844865886524713e+04
2.746686230239566430e+04
2.749831141375930747e+04
2.753669667806136567e+04
2.757747841974587936e+04
2.760076599220177013e+04
2.762564809582974704e+04
2.768494347175208532e+04
2.773941715444743022e+04
2.777163548190428992e+04
2.780855175181830054e+04
2.785117591203031043e+04
2.787786256774158755e+04
2.790959270668668614e+04
2.795238558373555861e+04
2.798884854600480685e+04
2.803327921866227553e+04
2.807283427519130419e+04
2.810056322348307731e+04
2.812950589130903973e+04
2.816140431002128389e+04
2.818144500011162017e+04
2.821421816551948359e+04
2.828892211497430253e+04
2.831666937221915578e+04
2.835592933619048199e+04
2.837004368614111081e+04
2.839951469156565508e+04
2.842010839946599299e+04
2.846976662882408709e+04
2.849129105094006081e+04
2.853960606983033722e+04
2.856558128344750367e+04
2.859108437463702285e+04
2.863609784017934726e+04
2.868075303572596022e+04
2.870008229969984313e+04
2.873638571731200864e+04
2.877042573464047382e+04
2.882616303948454515e+04
2.885278415897762534e+04
2.891233277209662265e+04
2.895091439447103039e+04
2.897326690928741300e+04
2.902568932788177699e+04
2.905969431273052760e+04
2.909475758216538088e+04
2.914700775241398514e+04
2.916736234456300735e+04
2.919739071861437696e+04
2.922826174041667036e+04
2.927299980823834630e+04
2.929343703143877065e+04
2.934356522628603852e+04
2.936784826454293579e+04
2.940083254597983614e+04
2.943435753781288076e+04
2.947438298959356325e+04
2.952472241335580475e+04
2.955312588388631048e+04
2.957854167636466445e+04
2.959793193667042215e+04
2.964297380402507406e+04
2.966899676359064324e+04
2.973190330800741867e+04
2.979487652295994485e+04
2.983392799521487905e+04
2.988580059699835329e+04
2.990943410014981782e+04
2.994092079396531699e+04
2.996087662897418704e+04
3.000564104679292723e+04
3.002776560962393341e+04
3.005192128833405513e+04
3.008591773140721853e+04
3.014868368338453729e+04
3.018212589717632000e+04
3.022261854964201848e+04
3.027948753850745561e+04
3.031819839480748851e+04
3.034219427712140168e+04
3.037675977303909531e+04
3.043030339028061280e+04
3.045336652326725380e+04
3.048364903651683562e+04
3.050735997286090060e+04
3.053372782092478883e+04
3.055946017290139571e+04
3.059807026990799932e+04
3.062691740309634042e+04
3.066390967142937734e+04
3.068365960214461302e+04
3.070911884726303470e+04
3.073479017941255370e+04
3.076312042092319462e+04
3.082601670775556340e+04
3.088628630363235789e+04
3.090879746418197465e+04
3.094866930604718436e+04
3.099964286755521243e+04
3.102479388604318592e+04
3.105987822108995897e+04
3.108783862194105313e+04
3.111423869313899195e+04
3.114914246219363849e+04
3.118168375567105977e+04
3.120723285116102124e+04
3.125497566002163148e+04
3.127667488055592185e+04
3.130339677437298451e+04
3.135183468495300258e+04
3.137945567340603520e+04
3.139591004785618861e+04
3.143278184437169693e+04
3.145435504696920907e+04
3.148137285916659312e+04
3.150730661292620061e+04
3.153955545387630264e+04
3.156375576488651859e+04
3.158757780976343201e+04
3.161122925595607012e+04
3.164708481015705911e+04
3.167646469945007993e+04
3.172678068744984193e+04
3.175495034450229286e+04
3.180909153612642694e+04
3.183408412065634184e+04
3.186819533925262294e+04
3.188956485734339731e+04
3.191565728509865949e+04
3.196090185986544748e+04
3.199936102373000904e+04
3.202488885954653597e+04
3.205218017510587379e+04
3.209208525071695476e+04
3.212454384441185175e+04
3.217359923914116735e+04
3.220749106097914409e+04
3.227735671029454534e+04
3.233740697403538434e+04
3.236917007075031142e+04
3.241040962849260904e+04
3.243663743785189945e+04
3.247045864853021703e+04
3.250689577296767311e+04
3.253321412178076207e+04
3.258786182212244603e+04
3.263522255512274933e+04
3.267942887437936588e+04
3.270837230088482465e+04
3.272293470009712837e+04
3.275109137373844351e+04
3.277669257606947940e+04
3.282042494892510149e+04
3.288326891824451013e+04
3.291934284797752480e+04
3.294763869881694700e+04
3.299419111462394358e+04
3.304584687766322168e+04
3.309078557015001570e+04
3.310799439289338625e+04
3.314845925960342720e+04
3.319312748364805884e+04
3.322563353684297181e+04
3.326026761582312611e+04
3.330504261702877557e+04
3.334535949230614642e+04
3.336721498402012367e+04
3.340776639992019045e+04
3.343476601889344602e+04
3.347380985402091756e+04
3.351574025853168132e+04
3.355391334660049324e+04
3.358347833785787225e+04
3.360689494037695113e+04
3.362556327522305219e+04
3.366507486093558691e+04
3.368955288091016700e+04
3.371980791431319813e+04
3.375544670252693322e+04
3.378150865428020188e+04
3.382886345472538960e+04
3.385224602417014103e+04
3.388374445908933558e+04
3.391782100958515366e+04
3.395286071189748327e+04
3.397701569900767208e+04
3.401664197499958391e+04
3.404163103615926957e+04
3.406180392201011273e+04
3.409022184894215025e+04
3.414168360663235944e+04
3.417977421333812526e+04
3.424430593543888972e+04
3.428567035475496959e+04
3.434481282944852865e+04
3.437141960602085601e+04
3.440543186411335773e+04
3.444190364641675114e+04
3.446907989835303306e+04
3.449771043013755116e+04
3.454866576381627237e+04
3.458902933796012076e+04
3.465453328642727138e+04
3.467774336165116983e+04
3.470604396557307336e+04
3.472093598307792126e+04
3.474579745418063976e+04
3.477702129812568455e+04
3.480303940856727422e+04
3.483008564068638952e+04
3.485613758582177252e+04
3.487964824534334184e+04
3.490115395658701891e+04
3.493099042808874947e+04
3.496625329777254228e+04
3.501673965428043448e+04
3.503580000251779711e+04
3.507194487991692586e+04
3.510176069779240061e+04
3.512313937443942268e+04
3.516110779918939079e+04
3.521868466812634870e+04
3.524932242782761750e+04
3.527232913392917544e+04
3.529036542598378583e+04
3.532113968375703553e+04
3.536567589598702762e+04
3.539494777430024260e+04
3.541900073498145503e+04
3.544745989865071169e+04
3.547980077137897024e+04
3.551052839563563612e+04
3.553091316538865067e+04
3.555548108777420566e+04
3.561376030279788392e+04
3.565571091971358692e+04
3.567835767257756379e+04
3.570806335759936337e+04
3.573086910751998221e+04
3.576170994932860049e+04
3.578010207457865181e+04
3.582281253186932736e+04
3.585666930874034006e+04
3.588667817715175624e+04
3.591268625851350225e+04
3.594410076034728991e+04
3.598226081485454779e+04
3.600964000824144023e+04
3.603661698955373140e+04
3.606872224196101160e+04
3.610089117741142400e+04
3.615685705760701967e+04
3.618637667544775468e+04
3.620998800269181811e+04
3.628502976662430592e+04
3.631323249328607926e+04
