3.144512104683604434e+02
4.948508774802988341e+02
9.819027401549112710e+02
1.259482535446577685e+03
1.601990774146446711e+03
1.918050059998481629e+03
2.187809483656973498e+03
2.621538304252710077e+03
2.982827053874868398e+03
3.303248366896838888e+03
3.475759995291012274e+03
3.805317810110409482e+03
3.998372906702778437e+03
4.276106432361449151e+03
4.635646328767728846e+03
5.114710746364191436e+03
5.393598069113445490e+03
5.734843833854914010e+03
6.011315375067223613e+03
6.301811348717863439e+03
6.561448321791926901e+03
6.899195091054287332e+03
7.298384395188666531e+03
7.576561381252155115e+03
7.971199473717522778e+03
8.284156517236462605e+03
8.619050268476517886e+03
8.914499097249772603e+03
9.191490454650802349e+03
9.539072586664136907e+03
9.865055014441055391e+03
1.017770166730931851e+04
1.055513368243979676e+04
1.082393614223407349e+04
1.110673854395980743e+04
1.140046317176840603e+04
1.171388257354828966e+04
1.213605778935114722e+04
1.245393315504793281e+04
1.277924114514144458e+04
1.314365942806390740e+04
1.338448622726156282e+04
1.369084198453878707e+04
1.394625236668128855e+04
1.435738501550623187e+04
1.461119790612537872e+04
1.507191338698523396e+04
1.540850687774024664e+04
1.574659737749376836e+04
1.596417315416612655e+04
1.640829833592621799e+04
1.692775336260518088e+04
1.720537924662481601e+04
1.751079804242232058e+04
1.788434319305235476e+04
1.815807808549157562e+04
1.864430286341098690e+04
1.908407381088037073e+04
1.939256163917483354e+04
1.962446442690116965e+04
1.993526610099668324e+04
2.038738702803625711e+04
2.067691872759418766e+04
2.091831519932403171e+04
2.110437646672050687e+04
2.150217724393474055e+04
2.187476036529375415e+04
2.208245795458536304e+04
2.257336223988722850e+04
2.288771284791892685e+04
2.322062991137210702e+04
2.360789685116383771e+04
2.382719109371272862e+04
2.416430595428371453e+04
2.443121921560470219e+04
2.464639732774902222e+04
2.494441132513182674e+04
2.518253166595941002e+04
2.543492765654588584e+04
2.569728792217479713e+04
2.594479627569793229e+04
2.647133479660824742e+04
2.691230960520543158e+04
2.715240010252355569e+04
2.757087120962550034e+04
2.787505573975912557e+04
2.815830530351241032e+04
2.861554591300645188e+04
2.892205779175958378e+04
2.912232320993030226e+04
2.950923991633453261e+04
2.989096472907281714e+04
3.011460452770768097e+04
3.046519010042832087e+04
3.065777693479779919e+04
3.097380680379087789e+04
3.125161986198411978e+04
3.187134130891156383e+04
3.227781695601674437e+04
3.258915710974136528e+04
3.286658690132656193e+04
3.323860598466171359e+04
3.351994055303854111e+04
3.377023814839553961e+04
3.396175160696278181e+04
3.432991123601697473e+04
3.473176832959751482e+04
3.501437876618076552e+04
3.531231295822273387e+04
3.572339023236544745e+04
3.601767292484694917e+04
3.634709536625305918e+04
3.657204668795130419e+04
3.686234125661569851e+04
3.726524043863499537e+04
3.754048535423332214e+04
3.776768604911145667e+04
3.799993602222980553e+04
3.828819885829485429e+04
3.875383981394950388e+04
3.913939879458602081e+04
3.952039859857335250e+04
3.976961776130360522e+04
4.014294150928899762e+04
4.037398349306855380e+04
4.076748772642322001e+04
4.125979297530462645e+04
4.149581530150069739e+04
4.175078047082603007e+04
4.214786482529827481e+04
4.260512412368672085e+04
4.293656170573513373e+04
4.337813862856336345e+04
4.374786975198338041e+04
4.398916807693804731e+04
4.453474075315290247e+04
4.481490062605491403e+04
4.500212102877836878e+04
4.529605815596196771e+04
4.552376509550395713e+04
4.602902831295385840e+04
4.632680720286531869e+04
4.680794631634355756e+04
4.720272517853261525e+04
4.749087151334705413e+04
4.803392818933895614e+04
4.832743524116635672e+04
4.864220156339900859e+04
4.884231069766448491e+04
4.907468490469839890e+04
4.942792515328677109e+04
4.963637497395803075e+04
4.998705994681322045e+04
5.021947246215634368e+04
5.057128154254247056e+04
5.097606709204722574e+04
5.144280918308440596e+04
5.179392215219585341e+04
5.217584116056190396e+04
5.253951580874939827e+04
5.285155565936338098e+04
5.307874018439141219e+04
5.331901367474397557e+04
5.365454359439480322e+04
5.398339777447087545e+04
5.434513720609695883e+04
5.467429302075100713e+04
5.495508840724594484e+04
5.529571574569948280e+04
5.554906947520511312e+04
5.619924615055909089e+04
5.670035894602043845e+04
5.716639283197333862e+04
5.742582694327025820e+04
5.785959240172259888e+04
5.814264826072413416e+04
5.848838856023419794e+04
5.882099776747859869e+04
5.905454222147714609e+04
5.940104137800176977e+04
5.971385320042593958e+04
6.003658443313135649e+04
6.033213950410903635e+04
6.064448027404160530e+04
6.091014783041231567e+04
6.133602029972998571e+04
6.163257741111734504e+04
6.191709868347855081e+04
6.221949398286230280e+04
6.251827982077425258e+04
6.285589606916516641e+04
6.333222400309585646e+04
6.356213532966967614e+04
6.379121802876750735e+04
6.416922072406556254e+04
6.452100272776660131e+04
6.486292424082939397e+04
6.513911399363956298e+04
6.574784479511663085e+04
6.603478390379111806e+04
6.632623184351697273e+04
6.659984210461555631e+04
6.696869412489427486e+04
6.712401624268952582e+04
6.736952320287552720e+04
6.768089769804141542e+04
6.826163001889035513e+04
6.852695651537983213e+04
6.876228088061678864e+04
6.895232179751954391e+04
6.923932135970176023e+04
6.969673021594983584e+04
6.992091726764329360e+04
7.029455173566020676e+04
7.058190423737798119e+04
7.097937680418432865e+04
7.129329094033308502e+04
7.157338287354861677e+04
7.193598308749438729e+04
7.232644898761159857e+04
7.292209681275130424e+04
7.321246084914702806e+04
7.353262947041215375e+04
7.380082994144831900e+04
7.422400980599125614e+04
7.469811670868223882e+04
7.511773966866987757e+04
7.540568335732613923e+04
7.584759968757006573e+04
7.625966729825711809e+04
7.662111116063110239e+04
7.700766239320507157e+04
7.744351995404345507e+04
7.765197563504126447e+04
7.806936361659505928e+04
7.836798337482265197e+04
7.858713923361623893e+04
7.881147870452817006e+04
7.936081598037386721e+04
7.971525401894448441e+04
8.008840004124699044e+04
8.038123445735228597e+04
8.075125171288660204e+04
8.112447725651392830e+04
8.143265865718960413e+04
8.177675754342874279e+04
8.211326804734604957e+04
8.243207800234029128e+04
8.270827050768933259e+04
8.301718902157741832e+04
8.330716099735042371e+04
8.354860475908043736e+04
8.389882233286701376e+04
8.414162196996438433e+04
8.436908314179333684e+04
8.464018463740938751e+04
8.481730377117168973e+04
8.517034006998670520e+04
8.556897106687659107e+04
8.609188500092586037e+04
8.637349576046012226e+04
8.686207170703024894e+04
8.713274596807867056e+04
8.749721129203938472e+04
8.781669382455309096e+04
8.816088883979350794e+04
8.849698169925704133e+04
8.900208628052665154e+04
8.933420362355244288e+04
8.959030640172926360e+04
9.000149849732707662e+04
9.026398970849759644e+04
9.056609887536214956e+04
9.100302175867561891e+04
9.124340847321275214e+04
9.166326454934160574e+04
9.191891812568671594e+04
9.220017925471811031e+04
9.245303629203670425e+04
9.283564228654059116e+04
9.313101254256711400e+04
9.350633249070988677e+04
9.387013925354236562e+04
9.418520229555519472e+04
9.466983016985056747e+04
9.499017179685289739e+04
9.523153415648984083e+04
9.548206985542969778e+04
9.571428975237574195e+04
9.595069615540503582e+04
9.619809704607169260e+04
9.645716954576420540e+04
9.672847987725767598e+04
9.702101554326205223e+04
9.728936798880803690e+04
9.770702289796824334e+04
9.811985451069763803e+04
9.849780208330303140e+04
9.881019901712353749e+04
9.917120732180999767e+04
9.959595804887067061e+04
9.989577887159604870e+04
1.002147886496628198e+05
1.005205024009154004e+05
1.007414352513128397e+05
1.010794913387616252e+05
1.014009119063500839e+05
1.017054575522934028e+05
1.020481603626212309e+05
1.024583946476939891e+05
1.028162742432413506e+05
1.032041372779431113e+05
1.035370812488195952e+05
1.038433001275596325e+05
1.042303264798998134e+05
1.044991269546392723e+05
1.047426316729746031e+05
1.051190338354009582e+05
1.054513284867914772e+05
1.058195536856962281e+05
1.061109867493556230e+05
1.063929755958872265e+05
1.066158946902469470e+05
1.070299612775330752e+05
1.074664589973476541e+05
1.077723124223128398e+05
1.082020412790820847e+05
1.084520537895716989e+05
1.088400104578798346e+05
1.091980244465466385e+05
1.094506725273672637e+05
1.096798223567187088e+05
1.100105169611039892e+05
1.101967618906779535e+05
1.104095512292401399e+05
1.107044463128398347e+05
1.109177512591859122e+05
1.112767401561560255e+05
1.115837300914824300e+05
1.118228390444835968e+05
1.120834218707546679e+05
1.124327442331740604e+05
1.128213811830442282e+05
1.133063327829522023e+05
1.137534582639146101e+05
1.141389603934631887e+05
1.144095929808201327e+05
1.146661032644500665e+05
1.149841311210568238e+05
1.153795551903852465e+05
1.157319267515141983e+05
1.161447531736240053e+05
1.164352324748727988e+05
1.168285388460132817e+05
1.171325450412909850e+05
1.175467929027011269e+05
1.177978711623420386e+05
1.180184089558845008e+05
1.182599996483564319e+05
1.186437355113511876e+05
1.189428004822418443e+05
1.192091984737914609e+05
1.195244398863977403e+05
1.198442746063335653e+05
1.204296977306443587e+05
1.206759658640004782e+05
1.211510398578061722e+05
1.215084129100389837e+05
1.221681362335924059e+05
1.224530640590579278e+05
1.227843871845981048e+05
1.230370897434511280e+05
1.235161050636882865e+05
1.239541506781444041e+05
1.242755265264924674e+05
1.245448056038034410e+05
1.247952494530346157e+05
1.250950022031565604e+05
1.254222190316929627e+05
1.256059247884719953e+05
1.259882427636349603e+05
1.262588727822655928e+05
1.265963126385975193e+05
1.269094605329953629e+05
1.273065825762408786e+05
1.277158676180294424e+05
1.281243102387951512e+05
1.285926225494363171e+05
1.288055863270099362e+05
1.290786476058264379e+05
1.292529824621297303e+05
1.295372662731507735e+05
1.298935551380566467e+05
1.302802769215422013e+05
1.305109221242284548e+05
1.309329267332153831e+05
1.312012181059206778e+05
1.315741734531217371e+05
1.318637601286284917e+05
1.322036599346369039e+05
1.324559419571800390e+05
1.326365509888457309e+05
1.330998385098854196e+05
1.334560321116796113e+05
1.336379298620269401e+05
1.338616837227996439e+05
1.342614809019004169e+05
1.344985109419464716e+05
1.348031829243019165e+05
1.351766724791414454e+05
1.354117369269193441e+05
1.356963602119354473e+05
1.360114595435123774e+05
1.364462523866700649e+05
1.367870739020427864e+05
1.370094830668005452e+05
1.372836638144220342e+05
1.376805679729376279e+05
1.380308513463373238e+05
1.383095572864768037e+05
1.385692935146334930e+05
1.388447526346907835e+05
1.391041442348978308e+05
1.393233776455764018e+05
1.397891359846006962e+05
1.401258879511288833e+05
1.404674697304055444e+05
1.406190869540675194e+05
1.408591254384742933e+05
1.412183879514308937e+05
1.414114000039605889e+05
1.416312396238053043e+05
1.419163183208694973e+05
1.422930110948292422e+05
1.426107599687096954e+05
1.429014620886854245e+05
1.432732767938702600e+05
1.436311105535578390e+05
1.438129483167798899e+05
1.440166642805737793e+05
1.444414607070031925e+05
1.447020566299615020e+05
1.449887665233706357e+05
1.452674545940344979e+05
1.457573827926667582e+05
1.460571776472578931e+05
1.463061110664741136e+05
1.466640836176031153e+05
1.468776771192034939e+05
1.472328126490519498e+05
1.478527668851893977e+05
1.481556411670985399e+05
1.483874079713321407e+05
1.486425324446664599e+05
1.489357949556181557e+05
1.493148797093699977e+05
1.497706964389857894e+05
1.501508265268873074e+05
1.504365767687220068e+05
1.506871486029160151e+05
1.512880470802913769e+05
1.515994235445678642e+05
1.519043042357168742e+05
1.522383504294755112e+05
1.525509362170851964e+05
1.529834360264107818e+05
1.531865149997630506e+05
1.534167404190356610e+05
1.537460172974914021e+05
1.540805965742923145e+05
1.545852879650095128e+05
1.548362211301658244e+05
1.550557419494234782e+05
1.553595848451100464e+05
1.556935594137100561e+05
1.560073576661093684e+05
1.563043985057081445e+05
1.567717739749131142e+05
1.571034524712807033e+05
1.574241349971407908e+05
1.577509048710614734e+05
1.581552990365010337e+05
1.583938297456869623e+05
1.587518615669588617e+05
1.590144940631790960e+05
1.593829244641023106e+05
1.596158118597524008e+05
1.601172106029120914e+05
1.604866250888175273e+05
1.609308400537182752e+05
1.612287726652650163e+05
1.618112647016066767e+05
1.620375706412154250e+05
1.624538996153167973e+05
1.627303777984533226e+05
1.631858536800579750e+05
1.637112190245043021e+05
1.640416682705474959e+05
1.643453605346388067e+05
1.647336768229463778e+05
1.652207652024753042e+05
1.655532550746171328e+05
1.659213542402298481e+05
1.662141688663410023e+05
1.664601517920688493e+05
1.667043841521077557e+05
1.669490165424575098e+05
1.673884226863821968e+05
1.677854704869983543e+05
1.680518082909518853e+05
1.682944718603345682e+05
1.686757186814741290e+05
1.690237953005981108e+05
1.693468560339768010e+05
1.696523849352144462e+05
1.699374204063688230e+05
1.701692111388628255e+05
1.705040733577940846e+05
1.707908468070134113e+05
1.712479920024608437e+05
1.714338602604229527e+05
1.717147659006431932e+05
1.721783936390193703e+05
1.724026394539894536e+05
1.726318471973844862e+05
1.728943690730899980e+05
1.732705890123755380e+05
1.735110860266154923e+05
1.737657209161858773e+05
1.740788940801946155e+05
1.744369357398960565e+05
1.746209059268101992e+05
1.749269220097417128e+05
1.752054441564343288e+05
1.756639768644988653e+05
1.760234540823673015e+05
1.763559321224202868e+05
1.769234865842219151e+05
1.771749452497921302e+05
1.774789329626318940e+05
1.778047396968161920e+05
1.780388771251653961e+05
1.783625485216139350e+05
1.787369652147953748e+05
1.790712830594875850e+05
1.792816202275835094e+05
1.796312881910219439e+05
1.798937773052368429e+05
1.801453938056030020e+05
1.804955110112403636e+05
1.807943859656587883e+05
1.811614977729281818e+05
1.814358584032024082e+05
1.817798704328589665e+05
1.821354398255558044e+05
1.824057022372911160e+05
1.827598552110095334e+05
1.830369035497605510e+05
1.832510693580243678e+05
1.834431105254074209e+05
1.837183240171778307e+05
1.841984672579988546e+05
1.845223606585329107e+05
1.846762792187281593e+05
1.850268273124087718e+05
1.854404198449417891e+05
1.856104188651888981e+05
1.858599781666015915e+05
1.861796824376279837e+05
1.864595244478293171e+05
1.868265916481583554e+05
1.871977680025220325e+05
1.874121607112046040e+05
1.877560887420428044e+05
1.881567038656799996e+05
1.885103601539527008e+05
1.888325531425137888e+05
1.890540908423025103e+05
1.894687029445359949e+05
1.898350442875042208e+05
1.901160600327814172e+05
1.903946822989911598e+05
1.907577837846232287e+05
1.911138573287750769e+05
1.914790208462676674e+05
1.918591000837525935e+05
1.920932272128920304e+05
1.923497075834604912e+05
1.926091954894496885e+05
1.927665556294311536e+05
1.931015634410940693e+05
1.933660276204018737e+05
1.937043886878295452e+05
1.939953674577024649e+05
1.943840737252575054e+05
1.946924423598364228e+05
1.950202959833515924e+05
1.954575767057908233e+05
1.958426765890432289e+05
1.961841148517046822e+05
1.965096992016957956e+05
1.968993985037098755e+05
1.973375138029162481e+05
1.975882474798459443e+05
1.977917461809102388e+05
1.980460601574487519e+05
1.984309891982250265e+05
1.986658755832181196e+05
1.990334175566485501e+05
1.993605128376596549e+05
1.997176502625594439e+05
1.999124909989627486e+05
2.001329862037703570e+05
2.004477526193290832e+05
2.006966258632692625e+05
2.010562201314793783e+05
2.013258675756708253e+05
2.015500641977340565e+05
2.018410339697070012e+05
2.021006133330639859e+05
2.024787912016668997e+05
2.028393815502406214e+05
2.030876892404024547e+05
2.032885222129334579e+05
2.035113100955687987e+05
2.038366682555023872e+05
2.041881625133809866e+05
2.045266619762592891e+05
2.047912090779954742e+05
2.050724103346518241e+05
2.053976528393315966e+05
2.056240601885890937e+05
2.059284797950236825e+05
2.061342101633418642e+05
2.065052028436342662e+05
2.068900210750258120e+05
2.070957302287940402e+05
2.073019030624063744e+05
2.077423435331357468e+05
2.081417343231458799e+05
2.084636027920706256e+05
2.087518336404709844e+05
2.089711437524315843e+05
2.094219306789086841e+05
2.098586207326852891e+05
2.100449375935060671e+05
2.103862579045924649e+05
2.106509955992422474e+05
2.110209393078426656e+05
2.112462182925654051e+05
2.114723373373552749e+05
2.116616044441043923e+05
2.120316099328311684e+05
2.122551125666452281e+05
2.126162540627774724e+05
2.130009808122420509e+05
2.134966706328988948e+05
2.139009494363455742e+05
2.140867867895360105e+05
2.144207414848019544e+05
2.147490354189633217e+05
2.151037250097979850e+05
2.153525422487419855e+05
2.156739535625525168e+05
2.160594337514939252e+05
2.163571398474014131e+05
2.167705210940469406e+05
2.170449559787044127e+05
2.172212787718262989e+05
2.175457571883724886e+05
2.178067602765795018e+05
2.182003601076875057e+05
2.184889716864934890e+05
2.189014022628612292e+05
2.193436139713667217e+05
2.197719034304210509e+05
2.202285979040343955e+05
2.205238636456741078e+05
2.208043053095874493e+05
2.211134207009828824e+05
2.214923247651852143e+05
2.217616882574018673e+05
2.220365013927919499e+05
2.223011536531503662e+05
2.225124450254376861e+05
2.228542672161323135e+05
2.232200939146589662e+05
2.234606924647258420e+05
2.236929323376959364e+05
2.240307542565511831e+05
2.245886994389016472e+05
2.249243242852600815e+05
2.251629478482965205e+05
2.254171891494542069e+05
2.257309152037435852e+05
2.260072247556583607e+05
2.264659179983235081e+05
2.268518811907075869e+05
2.271758086057385372e+05
2.275687646137787669e+05
2.278767754780972027e+05
2.281886580791419838e+05
2.283687411562348716e+05
2.287147939652760397e+05
2.288467200108786055e+05
2.292564734180412488e+05
2.296574617049055814e+05
2.300679290251124476e+05
2.303272946795508906e+05
2.307387253087164427e+05
2.311688719248509442e+05
2.318189436081657186e+05
2.320388046128976566e+05
2.324144634106245358e+05
2.327090913784657605e+05
2.330200686122180778e+05
2.333399548422317894e+05
2.335314988178985659e+05
2.339300812889926019e+05
2.343701062285345397e+05
2.345560941570211726e+05
2.349129744026768312e+05
2.352244485093013791e+05
2.355298595684307220e+05
2.358545065128956339e+05
2.361324673317039269e+05
2.363692934256572917e+05
2.366250346425108146e+05
2.369665582971481490e+05
2.374001205070913711e+05
2.376576287391443911e+05
2.380963855955800973e+05
2.385569040427591535e+05
2.388404731333928066e+05
2.390626658982454101e+05
2.394105084333545528e+05
2.397157002722303441e+05
2.400269901101583673e+05
2.403310740526921290e+05
2.406098287143873458e+05
2.412026310112368665e+05
2.415728668640573160e+05
2.418762272211266682e+05
2.421306280174018175e+05
2.424712584487780405e+05
2.426762250324484194e+05
2.430063434509674844e+05
2.434068591355000390e+05
2.436837145947661775e+05
2.439618649833816162e+05
2.441404179116372834e+05
2.444560196960964822e+05
2.447793124788830755e+05
2.451170667583239847e+05
2.456546723432907893e+05
2.460295393540790537e+05
2.463126924956772709e+05
2.465502461456303427e+05
2.469657718146538537e+05
2.472730456997553993e+05
2.476436303991578170e+05
2.480387287707934738e+05
2.484122617344377795e+05
2.488903557321559638e+05
2.493077874279162206e+05
2.495451672984097968e+05
2.498060435923113255e+05
2.501941530352231348e+05
2.505448876533597067e+05
2.508302941375717637e+05
2.511556820460151939e+05
2.516318353902093659e+05
2.518316906318716938e+05
2.522563332068560994e+05
2.525076607502499537e+05
2.527091375062974403e+05
2.530255456267664849e+05
2.533092109929980361e+05
2.536576100253292534e+05
2.540940346887679771e+05
2.544801069816867821e+05
2.547170414893286943e+05
2.551430553916312638e+05
2.555091495715298806e+05
2.559598016697786807e+05
2.562897269693227718e+05
2.565148135986614507e+05
2.569176673823173915e+05
2.572585142863111396e+05
2.575735787376466324e+05
2.579590553995887749e+05
2.583884722045416420e+05
2.587344180437728937e+05
2.590261392725961341e+05
2.592528908237328287e+05
2.595905803733694775e+05
2.599783893082141003e+05
2.602756734631459694e+05
2.605210034603913082e+05
2.608653870599044894e+05
2.610406022523966094e+05
2.613414994265882415e+05
2.618030928563910711e+05
2.621422309535593668e+05
2.624279110793377622e+05
2.627254298367877491e+05
2.632780048697915627e+05
2.636772536748331622e+05
2.638940169224186684e+05
2.643086639721091487e+05
2.645950928329292219e+05
2.648497482913647546e+05
2.650172776749655604e+05
2.652663904720996507e+05
2.656283591989623965e+05
2.660367870990913361e+05
2.663057690781761776e+05
2.666204180478203925e+05
2.670458395436012070e+05
2.674428254331143107e+05
2.677183038797606714e+05
2.681583971540816128e+05
2.684369892377306824e+05
2.688500766517904121e+05
2.691766136246455135e+05
2.695284617584911757e+05
2.698127660982682137e+05
2.700812295934970025e+05
2.703275849036614527e+05
2.708424724328820012e+05
2.712042165766300750e+05
2.715214576656625140e+05
2.718924904930783669e+05
2.721805073028482147e+05
2.725374950720818015e+05
2.729066758360693348e+05
2.733189847324353759e+05
2.735534102665044484e+05
2.737885578462129924e+05
2.740674327157016378e+05
2.743787756466995343e+05
2.747029781444149558e+05
2.751069723969596671e+05
2.752997163814427913e+05
2.755583287128210650e+05
2.758086747991970624e+05
2.761061874844427221e+05
2.764144491757787182e+05
2.766483282577593345e+05
2.770161566159760114e+05
2.774671202953673201e+05
2.778399582655662671e+05
2.781677978424458997e+05
2.784454362159954617e+05
2.787685416168475640e+05
2.792162712796425330e+05
2.794332832043069066e+05
2.796240394853612524e+05
2.797896004661752377e+05
2.801435727381436736e+05
2.806071958443011972e+05
2.810240527318512322e+05
2.813594282504118164e+05
2.817477090206419234e+05
2.820588721566515742e+05
2.823731963527598418e+05
2.826385834197890363e+05
2.830351606390808010e+05
2.833298336020885035e+05
2.837913490518874023e+05
2.840593174612229341e+05
2.842120826399280340e+05
2.844638282966541010e+05
2.848485306219362537e+05
2.850170130093924236e+05
2.854852556883685756e+05
2.858352125208434882e+05
2.861327907076167176e+05
2.864859704305059859e+05
2.868651176421464188e+05
2.871761391139709740e+05
2.874740281719962368e+05
2.879673313327564974e+05
2.881935063831736334e+05
2.884538041455872590e+05
2.888040731497873785e+05
2.890847087038800237e+05
2.894732671647332609e+05
2.898751974283110467e+05
2.901078276723535382e+05
2.903882732581562595e+05
2.906668618992345873e+05
2.910634602038239245e+05
2.914362799818374333e+05
2.919126476869009784e+05
2.920728478053304716e+05
2.923149387323334813e+05
2.927051208138055517e+05
2.930819901167220087e+05
2.933573117826869129e+05
2.935754278122867690e+05
2.939906101977705257e+05
2.942659959557199618e+05
2.945127750659282319e+05
2.950108724711213727e+05
2.953573956125850091e+05
2.956239371523553273e+05
2.958884822991432156e+05
2.961556946312486543e+05
2.965247877361332648e+05
2.969454103026619414e+05
2.971003615179357002e+05
2.973850305359693011e+05
2.975957489578450914e+05
2.978605323278615833e+05
2.983487739532674896e+05
2.985942952448333381e+05
2.990012634810132440e+05
2.992390704774612095e+05
2.995559340590504580e+05
2.999998648407246219e+05
3.002070564453531988e+05
3.004397412149441079e+05
3.008437121078256168e+05
3.011261680473857559e+05
3.015480502230554121e+05
3.019449310399362002e+05
3.023965213763447246e+05
3.026672197836935520e+05
3.030895714678252116e+05
3.033456360065806657e+05
3.035769012758134631e+05
3.039034431383903138e+05
3.043971410919455229e+05
3.045870960923844832e+05
3.049401284418992582e+05
3.051644642753547523e+05
3.056564364226455800e+05
3.060231069041984156e+05
3.065662514813407906e+05
3.069805220696579781e+05
3.075140732369931648e+05
3.078387203729066532e+05
3.081051059821172967e+05
3.084979136061792378e+05
3.087451280212569982e+05
3.091227213311814121e+05
3.093498485357504105e+05
3.096927961464959080e+05
3.100104119558957755e+05
3.105167915772867855e+05
3.107839073516774806e+05
3.111051313571538776e+05
3.113947020791972755e+05
3.117155918145761825e+05
3.120751322257432039e+05
3.123359861563899904e+05
3.125384961395938881e+05
3.128425549208507873e+05
3.130772654306405457e+05
3.133968398994230665e+05
3.136750728123816662e+05
3.141081199146559229e+05
3.145940424419541960e+05
3.148583097494040267e+05
3.151778509438083274e+05
3.156014467668550205e+05
3.160943404811126529e+05
3.163641813221541233e+05
3.166302543642400415e+05
3.168708085814642254e+05
3.172273710589165566e+05
3.176774576015598723e+05
3.179243856980664423e+05
3.183312315621560556e+05
3.187096475394493318e+05
3.192106803835001774e+05
3.195795771599108120e+05
3.200992197646159912e+05
3.204290601391256205e+05
3.206654473901521997e+05
3.209857922216239967e+05
3.212134107076576329e+05
3.215442637139796861e+05
3.218256794759756885e+05
3.221052729329389986e+05
3.224355450842301943e+05
3.227875712658269913e+05
3.230932321872683824e+05
3.233851648799558170e+05
3.235919873200861039e+05
3.241828986572343856e+05
3.244809375315057696e+05
3.247705844295864808e+05
3.250192711258149939e+05
3.253656495716102654e+05
3.256822626325505553e+05
3.261425756026615272e+05
3.265211177648510202e+05
3.267601388233525213e+05
