3.688078032813218243e+01
1.063820327124500409e+02
2.175798855100738365e+02
3.297750488237820718e+02
3.849384073428456645e+02
5.515139372050832662e+02
5.767135264623781268e+02
6.374555894856720215e+02
7.018044062222016919e+02
7.942606702500737583e+02
8.932246426223938442e+02
9.368653621715432109e+02
9.886647959600649074e+02
1.042830410602985694e+03
1.100609786845912367e+03
1.171441267160128064e+03
1.255495346133735666e+03
1.318091947158514358e+03
1.350188325476758564e+03
1.425319139704976124e+03
1.483727971863967696e+03
1.561612630693275378e+03
1.596251502695594809e+03
1.642145418193758360e+03
1.694443432562899261e+03
1.730614209894940132e+03
1.795192683878546177e+03
1.825193311181119725e+03
1.891551483431237102e+03
1.936440927698291262e+03
1.972401844749357679e+03
2.077493427036298726e+03
2.215246805806552857e+03
2.268385931251184502e+03
2.312424627796394361e+03
2.414573220854916144e+03
2.486300428586931503e+03
2.528106079562458035e+03
2.576178322289712014e+03
2.614539317005125667e+03
2.645870980169131144e+03
2.700468397519450264e+03
2.780481482633740598e+03
2.838813919674815679e+03
2.889291423312586176e+03
2.939025406397376628e+03
3.045796104823712085e+03
3.147323331635182512e+03
3.178211159192466766e+03
3.225279531829829921e+03
3.326202832510548433e+03
3.398778642360810409e+03
3.473733202637580234e+03
3.548804414655111032e+03
3.578670332580152717e+03
3.626550587569333857e+03
3.740950668353537822e+03
3.810578610724928694e+03
3.856566276229611958e+03
3.945084860448132986e+03
3.991909226859495902e+03
4.034733467755650054e+03
4.119685345646987116e+03
4.217149923972474426e+03
4.311351009467305630e+03
4.357675907589642520e+03
4.412462150654607285e+03
4.470377832822883647e+03
4.541873574410650690e+03
4.643958889084180555e+03
4.703636279508282314e+03
4.831107462438043513e+03
4.878498604973819965e+03
4.935443326577207699e+03
5.053281958857147401e+03
5.108570807219932249e+03
5.185691667582970695e+03
5.224273982947659533e+03
5.293695392651491602e+03
5.346185845199382129e+03
5.391925678752426393e+03
5.504018178933347372e+03
5.538277039763356697e+03
5.613021023011051511e+03
5.662941691580884253e+03
5.745078863208733310e+03
5.906413896243559066e+03
5.954049967233089774e+03
5.999148089198914931e+03
6.073265676283839639e+03
6.107375620867412181e+03
6.226309715059986956e+03
6.279300529011788058e+03
6.326493668706010794e+03
6.354971125548279815e+03
6.479846415267282282e+03
6.542105708683117882e+03
6.605358937068393061e+03
6.643842702307209038e+03
6.759584153655872797e+03
6.902849607530483809e+03
7.001489107781090752e+03
7.041946075247105910e+03
7.108427063150561480e+03
7.176013028942023084e+03
7.242990895828673274e+03
7.324995144281401735e+03
7.383133049764255702e+03
7.441048984675579050e+03
7.520034003200355983e+03
7.570111182657276913e+03
7.599739051331026531e+03
7.667027595392461990e+03
7.769423846096146008e+03
7.873532718432625188e+03
7.961248531637172164e+03
8.002044763217204491e+03
8.041515316612625611e+03
8.111873976022861825e+03
8.178661167136317999e+03
8.220878007327451996e+03
8.288648651327141124e+03
8.348122270012905574e+03
8.419913847684440043e+03
8.470072779784737577e+03
8.495926715148059884e+03
8.586939632624340447e+03
8.637919738079724993e+03
8.743543676605961082e+03
8.807882366879666733e+03
8.897054910313063374e+03
9.010508161915831806e+03
9.115275857924843876e+03
9.244234562613160961e+03
9.339167098548929062e+03
9.449626908568041472e+03
9.488924637749123576e+03
9.535895959496614523e+03
9.618730718030481512e+03
9.800423611132708174e+03
9.870567868511483539e+03
9.914436347587665296e+03
9.953752679438515770e+03
1.003197146192656692e+04
1.007104716610010837e+04
1.017231716235307795e+04
1.021943548745985390e+04
1.027662896903873843e+04
1.035856830730756701e+04
1.038439100213500933e+04
1.043466459708531875e+04
1.054577417624758345e+04
1.062438400014197396e+04
1.068505132091280029e+04
1.071608581010064881e+04
1.077437045227518502e+04
1.081610880523970445e+04
1.087894126687978496e+04
1.099144023269594982e+04
1.104234910434963422e+04
1.116612465976418935e+04
1.120250025459677454e+04
1.124178536712789355e+04
1.138700147279682824e+04
1.146590362875870414e+04
1.154366005756489358e+04
1.167248961203697581e+04
1.177830873829322081e+04
1.186415655057655022e+04
1.192772529078047774e+04
1.197825531102159948e+04
1.202530946331316045e+04
1.212675312591636430e+04
1.222307270315313144e+04
1.230172929060525166e+04
1.233243313337580003e+04
1.241647788515691354e+04
1.251305999564348713e+04
1.258630635878981229e+04
1.264238286722862358e+04
1.268810319033269116e+04
1.272673874783694555e+04
1.277188603868994505e+04
1.282192616926546725e+04
1.297269511202084686e+04
1.300891098426645112e+04
1.304787616815912952e+04
1.312821146167644474e+04
1.317913430334527584e+04
1.325745227390554101e+04
1.330908121633081100e+04
1.334314345587333628e+04
1.346837013496959298e+04
1.355725682021954708e+04
1.366314388653233073e+04
1.371294232371030739e+04
1.377849407682061246e+04
1.381840288319618230e+04
1.384939748727328515e+04
1.394291206897477241e+04
1.397517284848712188e+04
1.403581862738876043e+04
1.416012418106891164e+04
1.424171155349971559e+04
1.433958732409518416e+04
1.436459743839051043e+04
1.443034826420153513e+04
1.448935137919557201e+04
1.456503479262348992e+04
1.468204762140001912e+04
1.474260504662200583e+04
1.479529431288196611e+04
1.484397203939033898e+04
1.487920812652851782e+04
1.506496328219538191e+04
1.511375979580697276e+04
1.520487258220509648e+04
1.527302690783162325e+04
1.531162731659860583e+04
1.536953055918695281e+04
1.543405308212149612e+04
1.550150887080256325e+04
1.557999595324577422e+04
1.562148999972193269e+04
1.570590479442504329e+04
1.578799511090248961e+04
1.582939957292988038e+04
1.590982836471520386e+04
1.601571365125485681e+04
1.608736488992381237e+04
1.613004654936582301e+04
1.617756134121526520e+04
1.622113172336631760e+04
1.634321682135520678e+04
1.642503709217382129e+04
1.648138395750332711e+04
1.654191556396351007e+04
1.665488598583961357e+04
1.671602192829079286e+04
1.676232569732518095e+04
1.687161688716676872e+04
1.691188811126915243e+04
1.704233136817307968e+04
1.708898080051655415e+04
1.712563747679171865e+04
1.721487982568281586e+04
1.732618060280370628e+04
1.741187962868253817e+04
1.745118479944111095e+04
1.750804225310763286e+04
1.758802261222727611e+04
1.768734935392638727e+04
1.774200161272961850e+04
1.781043117330695532e+04
1.787059821438926519e+04
1.796770818778056127e+04
1.805145705202677709e+04
1.812548641411354038e+04
1.827128650514432229e+04
1.830958548471480026e+04
1.834063268070519553e+04
1.842432853903748037e+04
1.852771061962605017e+04
1.863090055423289596e+04
1.871485013790877565e+04
1.883786051407184641e+04
1.898868503556384530e+04
1.913266423416277030e+04
1.920644063757462936e+04
1.923897405702782999e+04
1.927398958319978556e+04
1.937020848436246888e+04
1.945890360537930974e+04
1.956696194375969935e+04
1.960316084663077709e+04
1.972261020585951337e+04
1.979587008831341518e+04
1.985632301896061836e+04
1.993075351940927430e+04
1.996659293980053553e+04
2.005582159158895229e+04
2.009354730247035332e+04
2.014987850430274557e+04
2.019759818362357328e+04
2.032098367345624865e+04
2.037302109470258438e+04
2.044722993638659318e+04
2.052197057113791743e+04
2.058971148788111168e+04
2.062558423356817730e+04
2.067862858606004738e+04
2.075018617938085663e+04
2.081129984056264584e+04
2.095512871447584985e+04
2.102228147433014237e+04
2.109478231018638326e+04
2.116231241933889396e+04
2.120631838205867098e+04
2.123554246207122924e+04
2.128026257363563127e+04
2.140909729223094473e+04
2.144513531805785533e+04
2.151759256015330175e+04
2.157532748035733312e+04
2.160038809057551407e+04
2.166319518023371347e+04
2.175027571823349354e+04
2.182999814597961449e+04
2.195429445180005496e+04
2.205833061772858491e+04
2.214810062525106332e+04
2.226951437324586368e+04
2.236833368148436784e+04
2.249306056896828522e+04
2.253769633036655432e+04
2.256725098139417241e+04
2.265677313216823313e+04
2.269486614964182081e+04
2.274688020093894374e+04
2.280507532199063644e+04
2.284510100549015624e+04
2.289951169018300061e+04
2.302267792912738150e+04
2.309828122007543789e+04
2.315252384710829210e+04
2.326070616617546330e+04
2.334714007702851450e+04
2.342324437658809256e+04
2.359911999609259510e+04
2.366871178856437837e+04
2.373698015251498146e+04
2.382979709341510898e+04
2.389521652464978251e+04
2.399735174306749104e+04
2.407817895678034984e+04
2.415422135887626064e+04
2.425622609878779986e+04
2.432292345143198690e+04
2.441167156424986388e+04
2.455179658887108235e+04
2.458339829158901921e+04
2.470793754059831554e+04
2.479946272568210406e+04
2.489197233944082473e+04
2.498729330612181002e+04
2.505851876907781843e+04
2.510218033716811624e+04
2.515276977386353246e+04
2.522270453724549952e+04
2.526429237915265549e+04
2.530593231825744806e+04
2.538791391707069852e+04
2.545117457436571931e+04
2.556565164509846363e+04
2.559081562994093110e+04
2.568107553208489480e+04
2.573448284319939194e+04
2.582348035448411974e+04
2.590507633975871067e+04
2.598792893090950383e+04
2.601897006617477746e+04
2.608878066538682833e+04
2.613184692793719660e+04
2.618950476628250544e+04
2.631410710327651032e+04
2.636827715931734565e+04
2.642131337874681776e+04
2.646288767433570683e+04
2.656933822911283642e+04
2.661593582016951768e+04
2.666389943057837081e+04
2.672530653238852756e+04
2.676036266741149302e+04
2.679077330006019474e+04
2.685137387410625524e+04
2.692223282983737226e+04
2.701162856126474071e+04
2.713277768743260094e+04
2.716098253019462936e+04
2.719988548702387925e+04
2.729464319021789925e+04
2.737175185392188359e+04
2.744501487716213887e+04
2.752190673278617760e+04
2.755681254016551611e+04
2.762125026734733910e+04
2.765110753293435118e+04
2.776383365978729125e+04
2.785754859201705767e+04
2.792191586766754335e+04
2.796035309399740436e+04
2.808334715013188907e+04
2.812540865723725801e+04
2.817743548537170864e+04
2.826393155906374886e+04
2.838158577217101629e+04
2.846626747995248297e+04
2.861918397133982216e+04
2.870808927408983436e+04
2.874771757628167688e+04
2.877036945058513811e+04
2.886228883060651788e+04
2.897413213631198232e+04
2.901039098534160075e+04
2.912185086888337537e+04
2.917121514089741686e+04
2.929008489527089114e+04
2.934711797865130575e+04
2.940926309744668470e+04
2.945594870742766943e+04
2.949781133645950467e+04
2.959948156539213232e+04
2.965929715665862750e+04
2.969965520863453276e+04
2.974168758283509305e+04
2.977334126881161137e+04
2.985242477448118007e+04
2.996072725396622263e+04
2.999377175968781012e+04
3.003118707172450013e+04
3.012847079782883884e+04
3.017290301062691287e+04
3.020694181281719284e+04
3.023736716864397022e+04
3.029444936195453920e+04
3.034612061998201534e+04
3.040757684988143228e+04
3.056610067053836974e+04
3.062350289861222700e+04
3.068234128970034362e+04
3.070541249237867669e+04
3.083447444218026794e+04
3.088072157645835250e+04
3.092342953414513613e+04
3.108497047451887192e+04
3.117011281186801352e+04
3.126176869141990028e+04
3.131423632592442664e+04
3.141345400101423002e+04
3.154288923600950511e+04
3.165780173030152582e+04
3.172006458408001345e+04
3.177416032190093392e+04
3.180859502364173386e+04
3.184399135312556245e+04
3.189124634756898740e+04
3.201265171972732060e+04
3.205788471768416639e+04
3.220546688866332624e+04
3.224745957485990584e+04
3.228870163109815257e+04
3.235152195400945493e+04
3.239595917868452671e+04
3.245211146283351991e+04
3.248298834747137153e+04
3.257114334367417177e+04
3.262918226258393406e+04
3.266304872225126019e+04
3.269967116931598503e+04
3.275524909136965653e+04
3.282565615662583150e+04
3.289610657618017285e+04
3.295968532692869485e+04
3.304897467677687382e+04
3.308491417395416647e+04
3.321211582330211968e+04
3.327717310295647621e+04
3.341052669959256309e+04
3.344750376372887695e+04
3.350949570750923885e+04
3.356465283872158034e+04
3.363586044112659147e+04
3.376294696958964778e+04
3.379730050931360165e+04
3.385375019517805049e+04
3.390988410367454344e+04
3.395356961002347089e+04
3.409459163890291529e+04
3.420815696389093500e+04
3.427317192427281407e+04
3.429926735299095890e+04
3.434750585901877639e+04
3.446076065578390990e+04
3.451129662760420615e+04
3.461621940064508817e+04
3.467349617574610602e+04
3.472391349812809494e+04
3.483434409556591709e+04
3.490022756726458465e+04
3.494772642468781851e+04
3.499240588345628930e+04
3.505521316316357843e+04
3.511405920311368391e+04
3.521051849616911204e+04
3.524254398152679641e+04
3.531517603799861536e+04
3.538101585307442292e+04
3.547486212440171948e+04
3.558828836514811701e+04
3.563267603547538602e+04
3.569914737606424023e+04
3.574871920347920968e+04
3.581047009421010443e+04
3.588809743266985606e+04
3.592253216459546820e+04
3.596419000081141712e+04
3.601164564319530473e+04
3.609349626543925115e+04
3.615436548318692803e+04
3.628296831327976543e+04
3.633323894211895822e+04
3.641738881629706884e+04
3.651255417363059678e+04
3.655100515694583737e+04
3.658606819615176209e+04
3.662628291471367265e+04
3.668883273399418249e+04
3.681656612539949856e+04
3.695645067265470425e+04
3.699010008596067200e+04
3.706392947287545394e+04
3.712890336748284608e+04
3.718783564380405005e+04
3.722551053039281396e+04
3.734417369040777703e+04
3.741107245699741179e+04
3.747651469601911958e+04
3.753299630218643142e+04
3.757205569627151272e+04
3.769091864633755176e+04
3.773696727121545700e+04
3.777653067555864254e+04
3.784287733002359892e+04
3.791300728789831192e+04
3.800724963863791345e+04
3.809095948263494938e+04
3.814849136430659564e+04
3.819000299962342979e+04
3.829662546896241838e+04
3.832483082987723174e+04
3.834868301521695685e+04
3.836925446237278811e+04
3.848163568160375144e+04
3.852100538456195500e+04
3.860574136698042275e+04
3.865237904575927678e+04
3.880186886488281743e+04
3.886225602900459489e+04
3.896751459002615593e+04
3.901579920718033100e+04
3.911719295762754336e+04
3.914607801144985569e+04
3.924718531144495500e+04
3.934323280880793027e+04
3.941760452849385911e+04
3.951709169702242070e+04
3.957174862738481897e+04
3.962690681679276895e+04
3.972468023239086324e+04
3.976016822742942168e+04
3.980159956204327318e+04
3.984284023337563849e+04
3.991700072311966505e+04
3.994672442742328712e+04
3.999895311737730663e+04
4.006688823486249021e+04
4.015019071663584327e+04
4.023754749346947938e+04
4.035393690555507055e+04
4.041215182288251526e+04
4.045833573633680498e+04
4.059116898505263089e+04
4.065217004750049091e+04
4.073273443827453593e+04
4.076759268390222132e+04
4.081910892482085183e+04
4.094117157729870814e+04
4.098823684119763493e+04
4.105062453353431920e+04
4.114318685330328299e+04
4.121137146939186641e+04
4.131661236418685439e+04
4.138091100800140703e+04
4.142249785668222466e+04
4.147195570802115981e+04
4.154081416575585172e+04
4.158606077970689512e+04
4.164615953130360140e+04
4.173513621818170941e+04
4.184380150797275564e+04
4.188839344367023295e+04
4.193676897295773233e+04
4.197256018566076091e+04
4.205387660503420921e+04
4.214966556681309157e+04
4.220771097263097909e+04
4.228957183836828335e+04
4.239444358009079588e+04
4.247370782366699132e+04
4.255727346673516877e+04
4.259257810338056879e+04
4.270240850256726844e+04
4.273638984636604437e+04
4.285740579622784571e+04
4.288428787524989457e+04
4.295098510292468563e+04
4.305871147335624119e+04
4.313158861342111049e+04
4.319023037315967667e+04
4.326576816247007082e+04
4.334994905709548766e+04
4.343383005352583859e+04
4.356208039045217447e+04
4.366810527559575712e+04
4.384499920348105661e+04
4.393757649013524497e+04
4.399107461665818118e+04
4.402530359696077358e+04
4.406737635614648025e+04
4.415944344745053968e+04
4.426181530617909448e+04
4.430314278624895087e+04
4.438068188756414747e+04
4.444666989479662152e+04
4.457633367407331389e+04
4.465197657200542744e+04
4.472818625607403374e+04
4.484424686008142453e+04
4.488269878580322256e+04
4.492598175814856950e+04
4.496165277095533384e+04
4.499453695803270239e+04
4.502364212286783732e+04
4.511723099250505038e+04
4.514288184176819777e+04
4.521461270325446094e+04
4.529460287007193256e+04
4.533282728383100039e+04
4.537579350464194431e+04
4.544749517404425569e+04
4.553712668461530848e+04
4.562106538178698975e+04
4.566128520754996862e+04
4.570022472499559080e+04
4.579722225933474692e+04
4.583626719849492656e+04
4.589897519398501026e+04
4.592273541070482315e+04
4.601545688425810658e+04
4.608236059996026597e+04
4.610689353544524056e+04
4.620311331044078543e+04
4.625153948475178186e+04
4.633391509082549601e+04
4.644764555573501275e+04
4.653040933463253896e+04
4.658666898464912083e+04
4.672464418069439853e+04
4.678492110448787571e+04
4.686840769203820673e+04
4.697111407710427011e+04
4.702609076871185971e+04
4.710644294073223136e+04
4.719451114781570504e+04
4.726917601735523931e+04
4.730294814065902028e+04
4.744824336756122648e+04
4.748572164117528155e+04
4.754396907125366124e+04
4.765635221170292061e+04
4.770083933944406454e+04
4.775462976745004562e+04
4.783469030295920675e+04
4.791514107779245387e+04
4.796866971658352122e+04
4.806343542104427615e+04
4.810746947987886961e+04
4.820074072861985042e+04
4.824694450571313064e+04
4.834893288371263043e+04
4.839982899270287453e+04
4.851117677813630144e+04
4.859629961553267640e+04
4.869954200804737775e+04
4.879027936934740865e+04
4.883747328334123449e+04
4.897629187189394725e+04
4.903633554072202969e+04
4.907770267789143691e+04
4.914071879725446342e+04
4.921054515674747381e+04
4.928991620119676372e+04
4.941656583828513976e+04
4.947559203333113692e+04
4.953525603960054286e+04
4.960793131629472919e+04
4.968444077564608597e+04
4.972624519057405269e+04
4.980783017116075644e+04
4.992817880674727348e+04
5.006067051946551510e+04
5.013002074887813069e+04
5.020177946819159843e+04
5.027742015772982268e+04
5.037847886164502415e+04
5.043324465919077920e+04
5.048263106252134457e+04
5.055713999396708095e+04
5.063377182807640929e+04
5.072011070188097074e+04
5.082246509312825219e+04
5.089711341831090976e+04
5.099980204516719823e+04
5.105868424081830017e+04
5.119446322364100342e+04
5.123861131491695414e+04
5.134521264993473596e+04
5.145475389551579428e+04
5.151354743435442651e+04
5.155054563806847000e+04
5.157941095990291797e+04
5.162835510187362524e+04
5.167980952711611462e+04
5.172820456325096893e+04
5.186626671658818668e+04
5.192859045348666405e+04
5.204203211591166473e+04
5.210609522236486373e+04
5.222377813742453873e+04
5.228201735855985316e+04
5.239109782381123659e+04
5.247440635616712098e+04
5.256745918319704651e+04
5.266668109013467620e+04
5.270843883363260829e+04
5.275425786748682003e+04
5.279188182924393186e+04
5.283855915116128745e+04
5.295072698512507486e+04
5.304424127527171368e+04
5.310296377526265132e+04
5.320947756024990667e+04
5.322845331386781618e+04
5.332686623159629380e+04
5.337212555001315195e+04
5.342720377960598125e+04
5.352922948881171033e+04
5.365697308863470244e+04
5.374242771311950492e+04
5.381960028634211631e+04
5.386953328859722387e+04
5.399219974653298414e+04
5.410017826605860319e+04
5.414856895150905621e+04
5.427276727668386593e+04
5.431807945510449645e+04
5.437265668895762064e+04
5.440187206846637127e+04
5.444253856608528440e+04
5.447408322174916248e+04
5.453607761115532048e+04
5.461582579053356312e+04
5.470341149181061337e+04
5.473095005386438424e+04
5.481428285320149007e+04
5.486555038077823701e+04
5.495331396003992268e+04
5.505244763472340856e+04
5.510375195983238518e+04
5.519685296456188371e+04
5.524393811636051396e+04
5.527880772763049026e+04
5.533782141386757576e+04
5.547990765438707604e+04
5.561070996005497000e+04
5.569292380307265557e+04
5.581454862011172372e+04
5.587682492502663808e+04
5.596444201893569698e+04
5.607356151693179709e+04
5.620297648956368357e+04
5.634110671889440709e+04
5.643062023092742311e+04
5.648798824464841164e+04
5.657811771637755010e+04
5.661096567548729945e+04
5.665953127298873005e+04
5.674264989840278577e+04
5.684857748555552826e+04
5.689467086933227256e+04
5.701619870725456713e+04
5.708337726557468704e+04
5.712619232494296011e+04
5.716681290151274152e+04
5.723273229619445920e+04
5.726907691435325978e+04
5.730985934234221349e+04
5.734666380520363600e+04
5.739981300155510689e+04
5.748993026243443455e+04
5.758240862622117129e+04
5.763835625307814917e+04
5.774098008730798028e+04
5.787231313494696224e+04
5.791033259660836484e+04
5.795494235421193298e+04
5.799315428224642528e+04
5.810499471600139077e+04
5.823235443669214146e+04
5.829017533958563581e+04
5.836281840469412418e+04
5.841066051017462451e+04
5.847969236091925995e+04
5.860346634513361641e+04
5.865944495439877210e+04
5.871803394998161093e+04
5.876619240441631700e+04
5.881099086568897474e+04
5.888476200971140497e+04
5.898221627428907959e+04
5.906204678590397816e+04
5.910040265539204847e+04
5.928736335815948405e+04
5.933298847886635485e+04
5.937824083265022637e+04
5.943826255685549404e+04
5.947932512529056112e+04
5.954222858935457043e+04
5.957194377600955340e+04
5.964214051388971711e+04
5.978295396320426516e+04
5.981166048088581738e+04
5.992048154742967017e+04
5.996982502718101023e+04
6.000334716260553250e+04
6.006178092859967728e+04
6.016647289069543331e+04
6.025296840443814290e+04
6.035078810607069317e+04
6.038121783534158021e+04
6.045066314094416157e+04
6.051616830200749246e+04
6.054299668155114341e+04
6.061422865506523522e+04
6.066367995909310412e+04
6.071715330369156436e+04
6.076201991284280666e+04
6.081905165421233687e+04
6.087165376452928467e+04
6.092886183872308902e+04
6.102802714158638264e+04
6.109013325829280075e+04
6.114625306578159507e+04
6.118099835359418648e+04
6.126306204683132091e+04
6.134299145514096017e+04
6.148687837928633235e+04
6.157708508251186140e+04
6.162734933184749389e+04
6.166834393973324040e+04
6.172946725317761593e+04
6.188848689627223939e+04
6.196442529594744701e+04
6.199976354291714233e+04
6.205755460901797778e+04
6.208751824609712639e+04
6.212586288223675365e+04
6.221070332816820155e+04
6.225123092873117275e+04
6.232251539944989054e+04
6.235824853320296097e+04
6.244162727566115063e+04
6.247148702811060502e+04
6.256594434324943722e+04
6.262070275329450669e+04
6.266663080536129564e+04
6.271431424428526225e+04
6.280386006455111783e+04
6.289038496238814696e+04
6.294891977672393114e+04
6.308278978519958036e+04
6.316078592712810496e+04
6.320501878178113111e+04
6.335128659269175841e+04
6.341556264603233285e+04
6.348481880547881883e+04
6.355859194028902130e+04
6.364528895519873186e+04
6.381780803412313981e+04
6.385847205963904707e+04
6.392267491605685791e+04
6.400885157116246410e+04
6.406177455855464359e+04
6.419756322900190571e+04
6.425802308226793684e+04
6.436595782731004874e+04
6.440434054384044430e+04
6.446581312901853380e+04
6.453443376364943106e+04
6.459938980418311257e+04
6.466080343718317454e+04
6.474271740244005196e+04
6.485397402206202241e+04
6.491682893137329665e+04
6.505302876184822526e+04
6.516042635958812025e+04
6.519333898794908600e+04
6.524269798825356702e+04
6.530612460355856456e+04
6.534563593533439416e+04
6.540703843845740630e+04
6.544190692271302396e+04
6.549516253000024153e+04
6.552489580757816293e+04
6.559400753119280853e+04
6.566416292310465360e+04
6.576449012623580347e+04
6.581386213404555747e+04
6.590100051160702424e+04
6.593938855234198854e+04
6.599077512961598404e+04
6.602204505125702417e+04
6.607564789974504674e+04
6.611931248936001793e+04
6.615076415859285044e+04
6.622453552416982711e+04
6.625186714579863474e+04
6.630756333368740161e+04
6.636742499189254886e+04
6.640114900837035384e+04
6.643456707447377266e+04
6.649430214700890065e+04
6.654452781241986668e+04
6.662390795729462116e+04
6.667767419306100055e+04
6.678487580182735110e+04
6.684289772919786628e+04
6.687525362069858238e+04
6.693093375427552382e+04
6.703258432370543596e+04
6.708350569104797614e+04
6.713848388053433155e+04
6.717045191773631086e+04
6.719533365221864369e+04
6.722690049179055495e+04
6.729234734592351015e+04
6.744622736151186109e+04
6.757134474146364664e+04
6.761851760489636217e+04
6.768200410848848696e+04
6.771452680758743372e+04
6.777773182217287831e+04
6.782573234840702207e+04
6.790745119124805206e+04
6.793897438185889041e+04
6.796951299165374076e+04
6.809331094791238138e+04
6.812207958537856757e+04
6.816039657767246536e+04
6.819856508901249617e+04
6.831969525982163032e+04
6.836890968248827267e+04
6.842080760068395466e+04
6.845630797483817150e+04
6.855465502310363809e+04
6.858454129521425057e+04
6.862381902160801110e+04
6.866985003403021256e+04
6.876392247246294573e+04
6.879278254971286515e+04
6.886753725616761949e+04
6.895864148367724556e+04
6.901420235333258461e+04
6.908201886595526594e+04
6.912691912903200136e+04
6.916451172049509478e+04
6.918454078139988997e+04
6.922297174231364625e+04
6.928138711537678319e+04
6.931372758359399450e+04
6.942157516070426209e+04
6.949674472692083509e+04
6.956888712481569382e+04
6.962610066436215129e+04
6.966045784930828086e+04
6.972868160082463874e+04
6.979126490355312126e+04
6.981541521677597484e+04
6.988162171582908195e+04
6.999154951678823272e+04
7.003614592398550303e+04
7.014534922061150428e+04
7.016870167585407034e+04
7.026467574986105319e+04
7.029698127335646132e+04
7.040864988528647518e+04
7.045155359079923073e+04
7.057323803874809528e+04
7.064621171327351476e+04
7.070025874490123533e+04
