1.347476478971395579e+02
2.471075016159695679e+02
3.833085942360660283e+02
5.139834787912988077e+02
6.513726370949668762e+02
8.804097128285662848e+02
9.881258165920262400e+02
1.099526828963810203e+03
1.240470965179914401e+03
1.471745928609031353e+03
1.586852791990113701e+03
1.723448855294908071e+03
1.833268809152612448e+03
1.937753089438374900e+03
2.049087117017428227e+03
2.156832232112744805e+03
2.379402100636168143e+03
2.525937938947691237e+03
2.635709115633066631e+03
2.766869046377754330e+03
2.909371156126957430e+03
3.054699154493089736e+03
3.287812011993100441e+03
3.504199550018535319e+03
3.610190977229464806e+03
3.714206047820430285e+03
3.858350885974762605e+03
4.102019811330924313e+03
4.212184854850860575e+03
4.426452912072335494e+03
4.656259410348648998e+03
4.792181991181112608e+03
5.014363908113930847e+03
5.156756368200391080e+03
5.386002531038229790e+03
5.620142747774362761e+03
5.838650067868474252e+03
5.977538260296031694e+03
6.114773170652104454e+03
6.251320933786641035e+03
6.386677129942771899e+03
6.610384438145970307e+03
6.743422738366166413e+03
6.854907632050491884e+03
7.099486841904000357e+03
7.240680686135390715e+03
7.380512405386431055e+03
7.520476877049450195e+03
7.630338552125131173e+03
7.768797033854236361e+03
7.882059080791825181e+03
8.111785052908359830e+03
8.219172961382593712e+03
8.452404031545720500e+03
8.556830888486621916e+03
8.669304500234473380e+03
8.779306074884536429e+03
8.916736355314742468e+03
9.065005592994824838e+03
9.293959559220462324e+03
9.408138720580900554e+03
9.638438936007531083e+03
9.756929947128093772e+03
9.902155135631104713e+03
1.004634524040472752e+04
1.019061231330615010e+04
1.029387406957121675e+04
1.043710439475376734e+04
1.053989556730069853e+04
1.067023826215173176e+04
1.080799436288761171e+04
1.094346514702997229e+04
1.107692134062822151e+04
1.118949485997519696e+04
1.132270130644519486e+04
1.146187171488333661e+04
1.170427479537641557e+04
1.193047186531502120e+04
1.208003396034198704e+04
1.231544680901319407e+04
1.243077193688513580e+04
1.257061580102043445e+04
1.280907207931302037e+04
1.294495335973391957e+04
1.318605413032010983e+04
1.328863022281719350e+04
1.339887307308164600e+04
1.350617971021133053e+04
1.364053991559430324e+04
1.386857869922047030e+04
1.409673339238440531e+04
1.419920203217106246e+04
1.431255450923361423e+04
1.445695512564503770e+04
1.459087965613627603e+04
1.470117296395098492e+04
1.494201294629454242e+04
1.505116259032007838e+04
1.516175719004291568e+04
1.530369541156473679e+04
1.554734329474240440e+04
1.577417822304401307e+04
1.588432784384645129e+04
1.599051182656551282e+04
1.623238272690422855e+04
1.637055198152983576e+04
1.648729017408798609e+04
1.670551748453631080e+04
1.681161928561897003e+04
1.695694055776998357e+04
1.720651193087464708e+04
1.731085139048719429e+04
1.745047614052549397e+04
1.756477041655686116e+04
1.780205645651703890e+04
1.791519552434913930e+04
1.815373700984454990e+04
1.839764418685642158e+04
1.853871762931769990e+04
1.876090052734346682e+04
1.901830414276439114e+04
1.916637922579244696e+04
1.931391827805033245e+04
1.942411775908247000e+04
1.965084864376145924e+04
1.989096771876480125e+04
1.999775077474533828e+04
2.022865529842153410e+04
2.034295447465468169e+04
2.057480545845487723e+04
2.069068359694755782e+04
2.080562209778626129e+04
2.102596047628946326e+04
2.126521347133285963e+04
2.138125545686350233e+04
2.162300936769417604e+04
2.185763992642270023e+04
2.196878753995059742e+04
2.221780127012882440e+04
2.246214323924237760e+04
2.257157082182079830e+04
2.281128569528766820e+04
2.292540789923595003e+04
2.303566304204355401e+04
2.326636470633910722e+04
2.350354506060013227e+04
2.364475899819596816e+04
2.378218146267363409e+04
2.388903842488068403e+04
2.411701212318173202e+04
2.425702131349654519e+04
2.436566744299073616e+04
2.459533906575578294e+04
2.482925984474818324e+04
2.493989470704652558e+04
2.516708133522467324e+04
2.539478054231054557e+04
2.562973497751873219e+04
2.587007600938068208e+04
2.611477723637972667e+04
2.622189493814285379e+04
2.646058652431262090e+04
2.656628958692495507e+04
2.680849081003768879e+04
2.694922217729978365e+04
2.717056376789259230e+04
2.731794740350711436e+04
2.756064238558048237e+04
2.780194869848209783e+04
2.793483050454468685e+04
2.817376643509899077e+04
2.828628221919646239e+04
2.839218526291826493e+04
2.862705150151943599e+04
2.877564353526374543e+04
2.891640199718311851e+04
2.906179056243320156e+04
2.921039653623359482e+04
2.944292843315278878e+04
2.957883145981928101e+04
2.971318616069997006e+04
2.981945843004992639e+04
2.996268706433975603e+04
3.010862927850661799e+04
3.021864210295277735e+04
3.032273146343051849e+04
3.043564312912981404e+04
3.067318813287072044e+04
3.080662993995664146e+04
3.105528882592068840e+04
3.129456110867864845e+04
3.153505932678780300e+04
3.176177009692546562e+04
3.189526311109857852e+04
3.212066845080787971e+04
3.223154286965018400e+04
3.234886137137476544e+04
3.249032384731319689e+04
3.260375796894756422e+04
3.283509574305122806e+04
3.307523152520979784e+04
3.330939045545101544e+04
3.344661317797891388e+04
3.358908023123685416e+04
3.383428188392021548e+04
3.397028310661201249e+04
3.407985017831585719e+04
3.421739408305590769e+04
3.433120307964362291e+04
3.444352787101280410e+04
3.455718122804883023e+04
3.469570460317335528e+04
3.483661808661694522e+04
3.497065316480151523e+04
3.510602545412015024e+04
3.524344053936748242e+04
3.537484865289212030e+04
3.548595551282478118e+04
3.559110613478964660e+04
3.572993793534610450e+04
3.584207504113158939e+04
3.595295894577495346e+04
3.618983648828890000e+04
3.642042436669531889e+04
3.667365705104023073e+04
3.690770982950080361e+04
3.704654181194615376e+04
3.718964711615095439e+04
3.733224451587632939e+04
3.746308990958611685e+04
3.771080648050457967e+04
3.794743265842331311e+04
3.819651073419376189e+04
3.831003405219973502e+04
3.841937282307721762e+04
3.852860863287338725e+04
3.877185353299009148e+04
3.888089159097564698e+04
3.901949449846323841e+04
3.916455559042948153e+04
3.927351023556253494e+04
3.950028733310366079e+04
3.964916844094973931e+04
3.989823835983068420e+04
4.003323414928849525e+04
4.027512876588395739e+04
4.051368535206401430e+04
4.075015935292683571e+04
4.088692545454178617e+04
4.102566731508093653e+04
4.125899776416275563e+04
4.136650070591607800e+04
4.149920943352203176e+04
4.173697010065225913e+04
4.196307118735289987e+04
4.207519034806370473e+04
4.222234340405642433e+04
4.233457604815180821e+04
4.246021119095688482e+04
4.260620844857127668e+04
4.284415993074053404e+04
4.294772036056911747e+04
4.308707570129789383e+04
4.322577832616502565e+04
4.333382625254816230e+04
4.346885025927664537e+04
4.370468025207219762e+04
4.393701880538541445e+04
4.418454096505233611e+04
4.429393684277170541e+04
4.443528370404538873e+04
4.465917016107879317e+04
4.477185145350867970e+04
4.491872497489229863e+04
4.502995743222307647e+04
4.517917709489080880e+04
4.539642151819924766e+04
4.550692220227074722e+04
4.561813811259348586e+04
4.572559729758122558e+04
4.583565986413570499e+04
4.597196251021979697e+04
4.611095697474056942e+04
4.621964021970495378e+04
4.633206129731627152e+04
4.646820406844688114e+04
4.657978347832243890e+04
4.669538273982109240e+04
4.680316326036857208e+04
4.691987086319296941e+04
4.705874698860319768e+04
4.720424412524566287e+04
4.731791035374865169e+04
4.742816717537436489e+04
4.766530246702318982e+04
4.777648756911866803e+04
4.801967774433279556e+04
4.815204320321384876e+04
4.828576825921109412e+04
4.841565864782779681e+04
4.864405199386177992e+04
4.887875985636942642e+04
4.899299877777688380e+04
4.923067551890327013e+04
4.947563875414763606e+04
4.958841408171060175e+04
4.982024388600118255e+04
4.995246607569467596e+04
5.006175226217370073e+04
5.029457649564329768e+04
5.040825800830798107e+04
5.052027040329650481e+04
5.063264009352245193e+04
5.077267347042844631e+04
5.088454414272913709e+04
5.112279505872161826e+04
5.127001573340254254e+04
5.152003152814087662e+04
5.166272395571906964e+04
5.189604990747677948e+04
5.199748752092236828e+04
5.210095383349336771e+04
5.223899766321371135e+04
5.248422724514096626e+04
5.261940396402088663e+04
5.273086931057275797e+04
5.283756192424155597e+04
5.306426021228122409e+04
5.331084973546180117e+04
5.344810903593566763e+04
5.368278412352029409e+04
5.379757608256867388e+04
5.394027150577410794e+04
5.404755163725223974e+04
5.427261657846243179e+04
5.438912047200302186e+04
5.452803535294436733e+04
5.466548788010646240e+04
5.489177265640816040e+04
5.503142409295573452e+04
5.527178011824030546e+04
5.551510350903063227e+04
5.574877452295797411e+04
5.589510312904170132e+04
5.600353454099840746e+04
5.613545977971277898e+04
5.624793793467790965e+04
5.635476304586006154e+04
5.661246038590902026e+04
5.684829603072919417e+04
5.698731128874841670e+04
5.710012809164146893e+04
5.724420358020423009e+04
5.735167735940380953e+04
5.748687225386291539e+04
5.762817702425573952e+04
5.774070281408901064e+04
5.788310940181236219e+04
5.799570127629028866e+04
5.823524739178337768e+04
5.837151488845395215e+04
5.848322041939523479e+04
5.859471460562371067e+04
5.870895476639150729e+04
5.884224346783653891e+04
5.908552316162594070e+04
5.922555024667635007e+04
5.933352173029776895e+04
5.946589467896884889e+04
5.968519919402972300e+04
5.979843324101754843e+04
6.001547264616912435e+04
6.012788338892051252e+04
6.024067692542498116e+04
6.047227600135192188e+04
6.070740879460760334e+04
6.081886142699132324e+04
6.093161763050279114e+04
6.106904001305816200e+04
6.120574194662539958e+04
6.134747348869509005e+04
6.156995162458949198e+04
6.171539155387401115e+04
6.193926664688201708e+04
6.208126513181532937e+04
6.231758830746379681e+04
6.242828387583129370e+04
6.253954199122362479e+04
6.267483695918278681e+04
6.281729390004504967e+04
6.305778681322506600e+04
6.328900936764173093e+04
6.352199894456891343e+04
6.365368939139269060e+04
6.378801701902168861e+04
6.390038581269320275e+04
6.403641471250489849e+04
6.417784266376155574e+04
6.440653119306111330e+04
6.454815569095021783e+04
6.465494932490168139e+04
6.476718738274982752e+04
6.499507990333329508e+04
6.522567227372886555e+04
6.544204790581222915e+04
6.557269747359621397e+04
6.570889194615827000e+04
6.585471681799396174e+04
6.608434762768556539e+04
6.622688557347515598e+04
6.633772566245264898e+04
6.656481846923074045e+04
6.667658773701923201e+04
6.678783760133618489e+04
6.693193879379940336e+04
6.703873460422104108e+04
6.727596091022419569e+04
6.751562554078105313e+04
6.775702065496417345e+04
6.786996782532674843e+04
6.797984834396847873e+04
6.820519955018300971e+04
6.835022518782471889e+04
6.849309560490641161e+04
6.860257615689962404e+04
6.871319513031363022e+04
6.881721525794237095e+04
6.892850286516857159e+04
6.903987707841920201e+04
6.915569249108918302e+04
6.938548065346232033e+04
6.963129059308141586e+04
6.985973869838113023e+04
6.999718633828057500e+04
7.013742951162431564e+04
7.027171637851468404e+04
7.037436027391164680e+04
7.051250945596436213e+04
7.061403697996074334e+04
7.085576019340568746e+04
7.110228793283870618e+04
7.125143981126497965e+04
7.138811851937352913e+04
7.161427106895645557e+04
7.173308656099825748e+04
7.198064058621051663e+04
7.212267443640522833e+04
7.225506805863979389e+04
7.239475692277867347e+04
7.250823218327749055e+04
7.262249898847620352e+04
7.275853794839615875e+04
7.289385687571755261e+04
7.303668303458907758e+04
7.328046471719857072e+04
7.338757067360891961e+04
7.352447389599811868e+04
7.366548620961191773e+04
7.380007253648059850e+04
7.402878243111740449e+04
7.427160477771816659e+04
7.440583331024044310e+04
7.455029642500584305e+04
7.478531878347498423e+04
7.492376314209496195e+04
7.507319445881924185e+04
7.520987413433572510e+04
7.542964882116999070e+04
7.568008190294592350e+04
7.592083409568102797e+04
7.605655853662204754e+04
7.620381977900430502e+04
7.644816370611565071e+04
7.655023473699868191e+04
7.668390101985377260e+04
7.691671943046814704e+04
7.702868528709566453e+04
7.714221016631093516e+04
7.728654579010806629e+04
7.752833872639345645e+04
7.776377184987696819e+04
7.790095473443396622e+04
7.801488144551892765e+04
7.815320143827471475e+04
7.829516198532328417e+04
7.840498557730633183e+04
7.851128074125108833e+04
7.862177727805283212e+04
7.885436264244567428e+04
7.895527994016165030e+04
7.909275901039379823e+04
7.932683448837367177e+04
7.943875518393942912e+04
7.957478370838996489e+04
7.980344975629530381e+04
8.003927985801739851e+04
8.017965552879992174e+04
8.040413824781616859e+04
8.051910080450396345e+04
8.062724472888633318e+04
8.073894194824081205e+04
8.096548882476649305e+04
8.111011557193957560e+04
8.135826838710696029e+04
8.149380450165031652e+04
8.173598290807647572e+04
8.196623597537932801e+04
8.220324217034886533e+04
8.234106588920866488e+04
8.247641208044883388e+04
8.261259120246562816e+04
8.285040665727110172e+04
8.296076399212940305e+04
8.310602223660371965e+04
8.324136316143089789e+04
8.335237988457192841e+04
8.359439916361724318e+04
8.372978024566177919e+04
8.397830210063251434e+04
8.411689249576542352e+04
8.422866409288324940e+04
8.436192310660719522e+04
8.460208827513080905e+04
8.471178737119343714e+04
8.492780911698112322e+04
8.516338422722493124e+04
8.527754549930313078e+04
8.551112204635537637e+04
8.562427920193306636e+04
8.573447075410019897e+04
8.595667123495951819e+04
8.618105882261978695e+04
8.642434116048713622e+04
8.656332134951020998e+04
8.670286367285654705e+04
8.681397974502421857e+04
8.692406641856253555e+04
8.716845526887898450e+04
8.728255087255570106e+04
8.739321388142729120e+04
8.750609974695394340e+04
8.764183851488516666e+04
8.775374830145752640e+04
8.788856508123285312e+04
8.814280291458476859e+04
8.825809543853551440e+04
8.848652313678289647e+04
8.859967626702232519e+04
8.871098577363870572e+04
8.881536205861593771e+04
8.905848306945903460e+04
8.928280444699509826e+04
8.939663880749822420e+04
8.953122393328820181e+04
8.964810644777123525e+04
8.975907218554729479e+04
8.989388812975656765e+04
9.000549432285291550e+04
9.023851585733730462e+04
9.037311388711564359e+04
9.048620000062286272e+04
9.059285604964244703e+04
9.070412114532597479e+04
9.084748919180870871e+04
9.098170103177345300e+04
9.112380566709765117e+04
9.127107818864578439e+04
9.141262686934824160e+04
9.152294995826033119e+04
9.174200733755994588e+04
9.184592914022033801e+04
9.206539563794327842e+04
9.217534879109615576e+04
9.229022617358875868e+04
9.240186478451889707e+04
9.251270012323996343e+04
9.261966488307845430e+04
9.272581277379553649e+04
9.286612529723813350e+04
9.297838916026905645e+04
9.308026529012026731e+04
9.332929339530634752e+04
9.355902231619364466e+04
9.377988435398416186e+04
9.391679259500198532e+04
9.402633617275604047e+04
9.413215065698063700e+04
9.436593042002453876e+04
9.447568417833786225e+04
9.461728973426867742e+04
9.486260550005137338e+04
9.500018303416665003e+04
9.513927799456796492e+04
9.527234073410423298e+04
9.540105074478253664e+04
9.553630407141111209e+04
9.567784707679248822e+04
9.578803893047952442e+04
9.601828196184626722e+04
9.626102821117498388e+04
9.648952624706148345e+04
9.672706311062867462e+04
9.695356044307090633e+04
9.719508603656388004e+04
9.732454857522650855e+04
9.756965262612320657e+04
9.770328094672283623e+04
9.781122090370408841e+04
9.806518301128975872e+04
9.819837579085282050e+04
9.831260647057274764e+04
9.854241977297503036e+04
9.865278191650606459e+04
9.889134388215868967e+04
9.911499775662073807e+04
9.922363633077222039e+04
9.945975418774440186e+04
9.959993538103772153e+04
9.973967047061778430e+04
9.996474859077794827e+04
1.001998343835979322e+05
1.004241366920172877e+05
1.005592189314330899e+05
1.007010453442650905e+05
1.009283355227232387e+05
1.010358220966048539e+05
1.011440537774205877e+05
1.012801327178106876e+05
1.015158353563627898e+05
1.017565217511312512e+05
1.018699703632616292e+05
1.020985605918066722e+05
1.022368450306426676e+05
1.024642748770355392e+05
1.027158689522516361e+05
1.028468014700608619e+05
1.029868583670623921e+05
1.031328777658931067e+05
1.032487336269047955e+05
1.033576770019640826e+05
1.035024103217229422e+05
1.037345868544507975e+05
1.038475007376883732e+05
1.039539510771337082e+05
1.040641015873822762e+05
1.043141736144307361e+05
1.044495817063680006e+05
1.045554180386927474e+05
1.046662013618088240e+05
1.048077744165882323e+05
1.049149934028686694e+05
1.051596133031315694e+05
1.052957769722151425e+05
1.054114376117722713e+05
1.056246661942454230e+05
1.057603270912414446e+05
1.059983484925446246e+05
1.061059062086650811e+05
1.062509067826820246e+05
1.063872017981245735e+05
1.066245751647161233e+05
1.067624349859115318e+05
1.068698147901627817e+05
1.070999530407691927e+05
1.072326069170990086e+05
1.073433046358640568e+05
1.075857841682426952e+05
1.077328376182402571e+05
1.078708352762439317e+05
1.080082127774142718e+05
1.081162090360455913e+05
1.082259677390825236e+05
1.084763516715392907e+05
1.086075566226213850e+05
1.088367517608026392e+05
1.090468993202407000e+05
1.091904104638893332e+05
1.093031923137484555e+05
1.094176117826357950e+05
1.095503036759554379e+05
1.096822991795046109e+05
1.098252579428393510e+05
1.100719493899386143e+05
1.101827060880743811e+05
1.102934657178831549e+05
1.104014630706597818e+05
1.105375593230011727e+05
1.107760479095268965e+05
1.110110647631621105e+05
1.111244529694516823e+05
1.112362636261644511e+05
1.113743548650853336e+05
1.114887734582543053e+05
1.116340840527452674e+05
1.117752221918362193e+05
1.119170788753858797e+05
1.120247490283865336e+05
1.122677009695081069e+05
1.123772896380019665e+05
1.126258061737218522e+05
1.127313842581030331e+05
1.128404155253706413e+05
1.129522494975484587e+05
1.130701131117169862e+05
1.131850621295969031e+05
1.133308317654705752e+05
1.134656573739737796e+05
1.136977857624132303e+05
1.139249835832169629e+05
1.141646284087700042e+05
1.142793308289884881e+05
1.144265114059339394e+05
1.146685864756150695e+05
1.149082737856058811e+05
1.151482518662387010e+05
1.152534130611884466e+05
1.154950152593864914e+05
1.157218092404787894e+05
1.159553921760305820e+05
1.160987861644018412e+05
1.162140619635755429e+05
1.164544384994749707e+05
1.166997831340340053e+05
1.169452467969415884e+05
1.171924543704793759e+05
1.173086370040216570e+05
1.174210180130805675e+05
1.175688790029861848e+05
1.178139738012072776e+05
1.179262608697295218e+05
1.181619662045817531e+05
1.182705480058346002e+05
1.184057108861594170e+05
1.186433697442883422e+05
1.187777221107009245e+05
1.189148155977141141e+05
1.191534118611946033e+05
1.192592910876465467e+05
1.193688903230380674e+05
1.195103071885701065e+05
1.196510948310375825e+05
1.197598104699929972e+05
1.198911737010690558e+05
1.200022806771742762e+05
1.201122929139150510e+05
1.202224974897239736e+05
1.203334421070625249e+05
1.205603672584918386e+05
1.207013550783743704e+05
1.208101303620222170e+05
1.209226945748264116e+05
1.211719149431533733e+05
1.214153738180044747e+05
1.216558942651588877e+05
1.217934295957314025e+05
1.220331623032601638e+05
1.221450555031960394e+05
1.222569205912082543e+05
1.224004994551098789e+05
1.225366527373424615e+05
1.227771326529614307e+05
1.228900610339289269e+05
1.231139683386763209e+05
1.232235037896081049e+05
1.234784090647042176e+05
1.237067698415965860e+05
1.239523432299873675e+05
1.240946253595891612e+05
1.242028012893033301e+05
1.243456795951701642e+05
1.244455731948103639e+05
1.245853564469174744e+05
1.248224108235198219e+05
1.249628436480086675e+05
1.250737709323718591e+05
1.251877601401763677e+05
1.253282471546488814e+05
1.254317596757154679e+05
1.256683215540485107e+05
1.259057562178570370e+05
1.261365166327705083e+05
1.262751698086375691e+05
1.263887789299845754e+05
1.265272705887950870e+05
1.266612382460994268e+05
1.267674005680123373e+05
1.268755010294769600e+05
1.271037857668119104e+05
1.273309155672505440e+05
1.274423662631278567e+05
1.275914282761822105e+05
1.277270002943749860e+05
1.279700068520281638e+05
1.281989747784445062e+05
1.283060175958024774e+05
1.284117235356650490e+05
1.285410289810962713e+05
1.287847120653713064e+05
1.289200264633469051e+05
1.291515839496717817e+05
1.293947036252884864e+05
1.296356048052463884e+05
1.298627866471761226e+05
1.299799567689495743e+05
1.300863888821089495e+05
1.301930043725437718e+05
1.304287230306506681e+05
1.305399857702490845e+05
1.307786745378933556e+05
1.309113383952772710e+05
1.310567477336861775e+05
1.312941759941852652e+05
1.315337115609101893e+05
1.317677741259361792e+05
1.319093721716793661e+05
1.320458417371311516e+05
1.321566495672698657e+05
1.322709465077845671e+05
1.323834852026433800e+05
1.325210778152147541e+05
1.326357166899315780e+05
1.327788982860234973e+05
1.330114483474895824e+05
1.331257928255732986e+05
1.333699417423343693e+05
1.334798911507681187e+05
1.335888212230443023e+05
1.337020407179968606e+05
1.338088707380118431e+05
1.339244122188142792e+05
1.340677696467318456e+05
1.341756058816309087e+05
1.342894171931698220e+05
1.344229144326522073e+05
1.345690069502374390e+05
1.346780537604384008e+05
1.347804195819935121e+05
1.348886081602760241e+05
1.349988108166526945e+05
1.351065493345306313e+05
1.352478931704047718e+05
1.353827116960608400e+05
1.354974212524649338e+05
1.356035823356700130e+05
1.358385663216586981e+05
1.359499254041077802e+05
1.361933624758000078e+05
1.363295150922148605e+05
1.365709957448117784e+05
1.366788944239851262e+05
1.368982118853956053e+05
1.370093209688958304e+05
1.372283684625024616e+05
1.373414397561755904e+05
1.374831749892978696e+05
1.375953517745013523e+05
1.378239608040618768e+05
1.379617160020890587e+05
1.382060857739829225e+05
1.383192941490458907e+05
1.384595188884243544e+05
1.385952109419373446e+05
1.387067341189463623e+05
1.388392516982830421e+05
1.389807889074431150e+05
1.392062442636278865e+05
1.393183454131525650e+05
1.394328813315179432e+05
1.395753274120054848e+05
1.396777589842833113e+05
1.397877771380718914e+05
1.399018307504625118e+05
1.401250004221864219e+05
1.402677362436712428e+05
1.403743145212547097e+05
1.404802089156031725e+05
1.406133071975647472e+05
1.408354368145494373e+05
1.409443566153127467e+05
1.411755494561505620e+05
1.413983862280907342e+05
1.416290944373106759e+05
1.417700792814018496e+05
1.418764496744510834e+05
1.419896705341757333e+05
1.420992245423370623e+05
1.422106489359049883e+05
1.423185492469495512e+05
1.424299839257814747e+05
1.426665027360758104e+05
1.428054707514114270e+05
1.430455103464288986e+05
1.431852229609210917e+05
1.434148440149158705e+05
1.436390825464633526e+05
1.437707202590531379e+05
1.439952184416642995e+05
1.441070411153267196e+05
1.442478222852738108e+05
1.444793900593513972e+05
1.446237323155507620e+05
1.447691334853972658e+05
1.448838697190204985e+05
1.450234215428860625e+05
1.451631030727415928e+05
1.453045097925223236e+05
1.454503289873683243e+05
1.455579882288877852e+05
1.456746876328695216e+05
1.459176233551271143e+05
1.460573365047199477e+05
1.461641039505105873e+05
1.463941505889999971e+05
1.465020977518770087e+05
1.466402097853373270e+05
1.468830450714343460e+05
1.469946152589835401e+05
1.472255207880935341e+05
1.473605179780326434e+05
1.476130452855575422e+05
1.477252045624929888e+05
1.478640272478050902e+05
1.480059031342978415e+05
1.481162487280672067e+05
1.482539222361982684e+05
1.483649424879385333e+05
1.484986647554865922e+05
1.486442819808947388e+05
1.487803057207217498e+05
1.488909001370629994e+05
1.491316533124583366e+05
1.493668483989180822e+05
1.496085529481746780e+05
1.497495708507233940e+05
1.498614812576154945e+05
1.500104368135149998e+05
1.502505470630651107e+05
1.504869067599937844e+05
1.505975897944208991e+05
1.507085474196988507e+05
1.508201502695624076e+05
1.509543192953878024e+05
1.511817973636881798e+05
1.512933527896615269e+05
1.515198610637432139e+05
1.516657794548698876e+05
1.518036753251149203e+05
1.519547686949301569e+05
1.520603415148078348e+05
1.521957879558886343e+05
1.523005550417396880e+05
1.524177135299043730e+05
1.525268588925073855e+05
1.526662445653030591e+05
1.527777737663544540e+05
1.529120304694343940e+05
1.531530547563358850e+05
1.532621935429113219e+05
1.534114904411737807e+05
1.535545178682927217e+05
1.537767823931940948e+05
1.539106511461933551e+05
1.540435414310271153e+05
1.541776942740811792e+05
1.542893701393739902e+05
1.544046246649853420e+05
1.545190368049812096e+05
1.546590627004106937e+05
1.548974671829887957e+05
1.550084183023859805e+05
1.552384606388988614e+05
1.554796175896843488e+05
1.555835029396363825e+05
1.557188090211605595e+05
1.558512854953699571e+05
1.559893468288781878e+05
1.562347363764018519e+05
1.563436194742951775e+05
1.564493785550573375e+05
1.565911668555509532e+05
1.567001161210685386e+05
1.569332992667089857e+05
1.571698050454117183e+05
1.573184443607309659e+05
1.574324903869300033e+05
1.575673378268941306e+05
1.576978272456386476e+05
1.577962549186523247e+05
1.579092771475718764e+05
1.580473843113666226e+05
1.581819372834068781e+05
1.584263230736351106e+05
1.585690968525492935e+05
1.586826512041677197e+05
1.587926738088942657e+05
1.589280404013073421e+05
1.590351592108742043e+05
1.592737073598856805e+05
1.595023093695843709e+05
1.596477663215236389e+05
