1.148903703296777508e+02
2.244305739285735513e+02
3.486203872990580521e+02
4.727771721395797613e+02
5.913642674881264156e+02
7.028790046237517117e+02
8.168732793319508119e+02
9.276790158455251003e+02
1.041493457207616757e+03
1.154885050331442471e+03
1.264603831179622375e+03
1.376736308853468017e+03
1.497488307181457230e+03
1.617570480878637227e+03
1.728819121820483133e+03
1.842880342143601183e+03
1.951570005252061037e+03
2.063719557695954336e+03
2.171941157530640794e+03
2.285163507598414981e+03
2.392980549182268987e+03
2.505790312835059012e+03
2.619839389461109931e+03
2.736630706652129902e+03
2.849336991619930814e+03
2.969727518945421707e+03
3.077785866764675120e+03
3.196750506068792220e+03
3.312507975998817528e+03
3.426859267956834628e+03
3.540846649266583881e+03
3.661642484936294295e+03
3.772677299367182513e+03
3.887841596346214374e+03
3.999465411039001538e+03
4.111246743811173474e+03
4.215371161782162744e+03
4.329012689191042227e+03
4.447469152602859140e+03
4.562979626079618356e+03
4.674598049477697714e+03
4.784179220284320763e+03
4.901771409613763353e+03
5.022503109713079539e+03
5.132336203412744908e+03
5.249636006058795829e+03
5.364066463343259784e+03
5.474341366164506326e+03
5.593959757365231781e+03
5.706317255274952004e+03
5.812353665080872815e+03
5.931177817416440121e+03
6.046729802330599341e+03
6.159309651083893186e+03
6.271353521567951248e+03
6.379535712738689654e+03
6.489159929575893329e+03
6.598439763557255901e+03
6.721013582669152129e+03
6.842439670137180656e+03
6.958319982369818717e+03
7.073001413337017766e+03
7.186811924785227347e+03
7.301463951599814209e+03
7.413194553667699438e+03
7.517779538879935899e+03
7.627444333976509370e+03
7.737896801150215651e+03
7.850146228709910247e+03
7.956155499237525873e+03
8.073911925691373654e+03
8.194062984701684400e+03
8.302327263742059586e+03
8.412670307427571970e+03
8.520773694616184002e+03
8.653545666731823076e+03
8.764394829893519272e+03
8.875219601752767630e+03
8.986262177521219201e+03
9.112180721241355059e+03
9.229100181035630158e+03
9.342965693304400702e+03
9.447867216162398108e+03
9.570789760682788256e+03
9.688596775509484360e+03
9.800822424822559697e+03
9.917850225560083345e+03
1.003144555614634919e+04
1.014228973422660601e+04
1.027120416455512168e+04
1.038556990407839112e+04
1.049365061180256998e+04
1.060895776151434256e+04
1.071873717392409162e+04
1.083095251486194320e+04
1.094735339887422015e+04
1.105569246047949309e+04
1.117365283761416686e+04
1.129060431918394715e+04
1.140398101174985823e+04
1.151609245868076505e+04
1.163150626107498101e+04
1.174198678744412246e+04
1.185685673235496870e+04
1.196895421343528687e+04
1.208355317771876798e+04
1.219240100614965922e+04
1.230040609663021860e+04
1.241290160962507071e+04
1.252133563336115185e+04
1.263205412162184984e+04
1.274289148881990332e+04
1.285425439098686729e+04
1.296563911025588641e+04
1.308248502077515150e+04
1.319540381010955207e+04
1.330746187301011378e+04
1.343556661839082699e+04
1.354930804481945233e+04
1.365935715946249184e+04
1.378768066564258515e+04
1.390347164712227459e+04
1.402274978984858899e+04
1.414266798858959555e+04
1.424943708151232022e+04
1.435960346705984193e+04
1.447578231201769267e+04
1.459470935149177421e+04
1.471418950132378632e+04
1.482944264938102424e+04
1.494224301665064922e+04
1.504991217807093744e+04
1.515800130340496617e+04
1.527326750428413652e+04
1.537576608838633183e+04
1.549022689080159398e+04
1.559624378234349206e+04
1.570968503186460657e+04
1.581948870965307469e+04
1.593164143524774772e+04
1.605022253879927848e+04
1.617373542361835644e+04
1.628403295224445719e+04
1.639853857984213391e+04
1.650793039672693340e+04
1.662004336751840310e+04
1.674171729460943970e+04
1.685538526635593735e+04
1.697165498466873760e+04
1.708681093453777794e+04
1.719499619212311154e+04
1.730975413060912251e+04
1.741761817123994115e+04
1.752530886437843947e+04
1.763769320955431976e+04
1.774735278710572675e+04
1.785811682929613016e+04
1.796981026501538145e+04
1.809032107582667231e+04
1.820001781906878750e+04
1.831783207281230352e+04
1.843790892597296261e+04
1.854485460788190903e+04
1.866860114014579813e+04
1.878200695285173424e+04
1.889705069123262729e+04
1.900849129011871992e+04
1.911995873110317916e+04
1.922786911597257131e+04
1.933835015700517033e+04
1.945595608341487241e+04
1.957253256593641709e+04
1.968808355712960838e+04
1.979749966915053665e+04
1.990937911268445168e+04
2.001711486240771410e+04
2.012901227611644936e+04
2.024194897213881995e+04
2.035209641289467254e+04
2.046849379627161761e+04
2.058778151172757134e+04
2.070249431341803211e+04
2.081987898383560241e+04
2.093176554301261422e+04
2.104297901822626227e+04
2.115549852323965388e+04
2.127327388997418166e+04
2.138551851494308721e+04
2.149596021536704211e+04
2.161183121887024026e+04
2.172815251128197997e+04
2.184804600312425828e+04
2.196942218293501355e+04
2.208311194830324166e+04
2.220413205569477577e+04
2.232456847820108669e+04
2.244015503638899463e+04
2.255570183282142170e+04
2.267479072976047246e+04
2.277778105299032177e+04
2.289000536649966671e+04
2.300026434170119319e+04
2.310497808051941320e+04
2.321786864478543430e+04
2.333342174592932861e+04
2.344034167484323916e+04
2.356489712720749958e+04
2.367610999629688740e+04
2.378270335305877961e+04
2.389271589525698801e+04
2.400399600980473042e+04
2.411701156534921756e+04
2.422430518138314437e+04
2.433441764062812581e+04
2.444456877418874501e+04
2.456421948002759746e+04
2.468364751399590023e+04
2.480305929438504609e+04
2.491829697252992628e+04
2.502878476849021172e+04
2.514107820633277152e+04
2.524837004964306470e+04
2.537164898685618027e+04
2.548878982013567656e+04
2.560149683454110345e+04
2.570661811996881806e+04
2.581121404225790684e+04
2.592713340985251489e+04
2.604969517718453062e+04
2.616317557081515406e+04
2.628692354593037817e+04
2.640514252701353689e+04
2.651746107540336016e+04
2.662458268125774339e+04
2.673412286232001497e+04
2.684976404136951533e+04
2.696241336918959132e+04
2.707656787939659262e+04
2.719287419421436425e+04
2.729948753657080670e+04
2.741270301935985481e+04
2.752038625236711232e+04
2.763817696980535402e+04
2.774648316334923220e+04
2.786413837983912890e+04
2.797430745249149550e+04
2.809546376683027120e+04
2.821836185780585947e+04
2.833620362241091789e+04
2.844498928014298508e+04
2.856692118487199696e+04
2.868291377316157377e+04
2.879553772665713404e+04
2.890952308272377923e+04
2.902433153286948436e+04
2.914844981955968251e+04
2.926903692449865775e+04
2.938867784548669442e+04
2.950290982103026909e+04
2.961350137320853901e+04
2.972497042104981665e+04
2.982972191796594052e+04
2.995395439250399795e+04
3.006467385541563999e+04
3.018158507002209080e+04
3.029718318101278055e+04
3.041028161588398143e+04
3.052880683281938036e+04
3.064505830790946857e+04
3.075091153753987965e+04
3.086945382516457175e+04
3.098568464178516660e+04
3.110537500414422539e+04
3.121341252008022639e+04
3.134079521924389337e+04
3.145371541009498469e+04
3.157218548600174108e+04
3.168196088173977842e+04
3.179854104335914599e+04
3.190910751135216924e+04
3.202350783882922406e+04
3.214189138386019476e+04
3.224850234520418962e+04
3.236143586875987967e+04
3.247143296639853725e+04
3.258184491070394506e+04
3.270022152225462924e+04
3.281939916783443186e+04
3.293242994523109519e+04
3.304435783713152341e+04
3.316463610486718972e+04
3.328126201890770608e+04
3.339311874898031965e+04
3.351587465340222116e+04
3.362777359854383394e+04
3.374585462654709409e+04
3.385715221750688215e+04
3.396878288781680021e+04
3.408186819310125429e+04
3.418379425618315145e+04
3.429032381604961120e+04
3.441063957471761387e+04
3.453569612979058002e+04
3.466069210655023926e+04
3.477653592566186853e+04
3.489554470006086922e+04
3.502319413610312768e+04
3.513477587629723712e+04
3.525856373714194342e+04
3.536895373339676007e+04
3.548169769219406589e+04
3.560019356391405745e+04
3.571016851586200937e+04
3.582324893522087223e+04
3.593491745567371254e+04
3.605392760644313967e+04
3.617201817856254638e+04
3.627781897929657134e+04
3.640099154794391507e+04
3.652031028948190215e+04
3.663226149178438209e+04
3.674447892972703266e+04
3.685653467684154020e+04
3.696744951947496156e+04
3.706910351568067563e+04
3.718788627279922366e+04
3.729854561965195171e+04
3.741155636832643359e+04
3.752701032296570338e+04
3.764250487262268143e+04
3.775363393240755249e+04
3.786772868286201265e+04
3.798615037134631712e+04
3.809972921520227828e+04
3.820959102146322402e+04
3.833066869739504182e+04
3.844421148086106405e+04
3.855853341919503873e+04
3.866781456298190460e+04
3.877543786658830504e+04
3.889295605455427722e+04
3.899938854798945977e+04
3.910501704772050289e+04
3.921726192249905580e+04
3.932820747699825006e+04
3.944135376100760914e+04
3.955442709977186314e+04
3.967672052746643749e+04
3.978768501526739419e+04
3.990162312344034581e+04
4.001857398987324268e+04
4.012630711895041895e+04
4.023794127793201187e+04
4.035224524684900825e+04
4.046858219667222875e+04
4.059130044368210656e+04
4.069849252747419087e+04
4.080458405880412465e+04
4.090832734309200168e+04
4.103229805654643860e+04
4.113628230877844908e+04
4.125294376841688063e+04
4.136567916175894788e+04
4.148419627745857724e+04
4.159532095498502167e+04
4.170606235328811454e+04
4.182237650767974992e+04
4.192627251398889348e+04
4.203864250287817413e+04
4.214766977549541480e+04
4.226951938939237152e+04
4.238048457671191136e+04
4.249713238922668825e+04
4.260956103910198726e+04
4.272679414226121298e+04
4.284882698382131639e+04
4.295778386697013048e+04
4.307666983340706065e+04
4.318211888121850643e+04
4.328882510542877571e+04
4.339860361530871160e+04
4.351051094514195574e+04
4.362372498356083815e+04
4.374508659164100391e+04
4.386497022857016418e+04
4.397335514176730794e+04
4.409279528355591174e+04
4.420057816210434248e+04
4.431889865845886379e+04
4.443394964135393820e+04
4.455065498076907534e+04
4.466654362893780490e+04
4.477333714521205547e+04
4.488804573960337439e+04
4.501062144612390694e+04
4.511579147707725497e+04
4.523308685392850020e+04
4.534929312051938905e+04
4.546980985872784368e+04
4.557427669705412700e+04
4.568240977716945054e+04
4.580084025340389780e+04
4.592120265343107894e+04
4.603289482685727125e+04
4.614486826753165224e+04
4.624993250404459832e+04
4.636080211090594094e+04
4.648234324659041886e+04
4.659506650762838399e+04
4.671296230249882501e+04
4.682361909813488455e+04
4.694557312614653347e+04
4.706373546758056182e+04
4.717376445515867090e+04
4.728354665408884466e+04
4.740477091733340058e+04
4.752076217578296200e+04
4.762811788965421147e+04
4.774145736696263339e+04
4.785294113735805149e+04
4.796904234709894808e+04
4.807592960102517827e+04
4.819050388642571488e+04
4.831334003390081489e+04
4.842044428087079723e+04
4.853121858625802997e+04
4.864203897063362820e+04
4.875205526563424792e+04
4.886381594355378184e+04
4.898246223060596822e+04
4.909418339873425430e+04
4.920425899140803813e+04
4.930988970798975060e+04
4.942486487443801161e+04
4.953216479810235614e+04
4.965081872567307437e+04
4.975630774905416183e+04
4.987403059130383190e+04
4.998994968314682774e+04
5.009736154750016431e+04
5.021551075857247633e+04
5.033328599516580289e+04
5.044663759197681065e+04
5.056927228204576386e+04
5.067411700259480131e+04
5.079395558756314858e+04
5.091052706312458031e+04
5.101742324784868833e+04
5.112323863448713382e+04
5.123681629458336101e+04
5.134615742930148554e+04
5.146073777572108520e+04
5.157716857328530023e+04
5.168761830558131624e+04
5.180915333167546487e+04
5.191891139286826365e+04
5.203364748052531650e+04
5.215291950865673425e+04
5.226532653963143093e+04
5.237217684198787902e+04
5.248693685471108620e+04
5.260013874079943344e+04
5.270646050025639124e+04
5.281976552870702290e+04
5.294760305503140989e+04
5.307211796158059587e+04
5.318478770883495599e+04
5.329673118255470035e+04
5.340856292392583418e+04
5.352332267508511723e+04
5.364013088402283756e+04
5.373992087987543346e+04
5.385152014332533145e+04
5.396336389511197194e+04
5.407496805955741002e+04
5.419798514530737884e+04
5.431742647517954174e+04
5.442448639898787951e+04
5.454496682274026534e+04
5.466080173230899527e+04
5.478272159898893733e+04
5.489481248450534622e+04
5.500102725552954507e+04
5.511851982708674768e+04
5.523810716109197529e+04
5.535146434111781855e+04
5.545882745803297439e+04
5.557376785454049968e+04
5.569246264491306647e+04
5.580968424626265914e+04
5.593486557905998779e+04
5.604876781186922017e+04
5.616543470283134957e+04
5.628202887764414481e+04
5.639713612903288595e+04
5.650849685687764577e+04
5.662043143855870585e+04
5.672877389826368744e+04
5.684066724278191396e+04
5.695002125075516233e+04
5.706483677062937932e+04
5.718652034928453213e+04
5.730189687912051886e+04
5.741969978848524624e+04
5.752624316180032474e+04
5.763771224260921736e+04
5.774919422732571547e+04
5.786451185843750136e+04
5.797402240090683335e+04
5.808819990102456359e+04
5.820630640562426561e+04
5.832056710172229941e+04
5.844643819720255851e+04
5.856139784602190048e+04
5.867620351965013106e+04
5.878600005483871064e+04
5.889345143295088201e+04
5.902143559515298693e+04
5.913333688338779029e+04
5.925036660751007003e+04
5.936389094131673482e+04
5.947866658989756252e+04
5.959411174957852927e+04
5.969992110990943183e+04
5.981421836281723517e+04
5.993349639783251769e+04
6.005411972724788211e+04
6.016141814110769337e+04
6.028438176821239904e+04
6.039705531391805562e+04
6.051268152861530689e+04
6.062539249620176997e+04
6.074770924273132550e+04
6.086375981944370869e+04
6.098368275930506934e+04
6.109846989294814557e+04
6.121164597013280581e+04
6.132415741189558321e+04
6.143206472208360356e+04
6.155297102167677804e+04
6.167177188527435646e+04
6.178348167411008762e+04
6.188827467366464407e+04
6.200861593755033391e+04
6.212708742936273484e+04
6.223916036095039453e+04
6.236255467278539436e+04
6.247871367861420731e+04
6.260039927876371075e+04
6.270863261141533440e+04
6.283068855957021879e+04
6.294404787536909862e+04
6.305600544583584997e+04
6.317259911822101276e+04
6.327873412596400885e+04
6.339486655726454774e+04
6.351484640829687123e+04
6.362332560371188447e+04
6.374083139650495286e+04
6.385411686222744902e+04
6.396850785592246393e+04
6.408095269658141478e+04
6.419782393475162826e+04
6.430365113386805751e+04
6.441263129497194313e+04
6.452974366603245289e+04
6.464129400038022868e+04
6.476568810847406712e+04
6.487456374942093680e+04
6.499030056121006055e+04
6.510243222034001519e+04
6.521410480879348324e+04
6.532726001599311712e+04
6.544675810490093863e+04
6.556638513454598433e+04
6.568286282775420113e+04
6.579009346775188169e+04
6.590517573885228194e+04
6.603164989071984019e+04
6.613955728931416525e+04
6.625266065551371139e+04
6.637048922079119075e+04
6.647627405070715758e+04
6.658615179009546409e+04
6.669272069323467440e+04
6.680323797550455492e+04
6.692229287017791648e+04
6.703134875664844003e+04
6.714329677549767075e+04
6.726230498070131580e+04
6.736835599578282563e+04
6.748546535162263899e+04
6.759896027554875764e+04
6.772491866065119393e+04
6.783224497148807859e+04
6.794345058857659751e+04
6.805423758766493120e+04
6.817418473565721069e+04
6.828833620680948661e+04
6.840300299631743110e+04
6.851174173211769084e+04
6.862169485414824157e+04
6.874688824375750846e+04
6.885555575026309816e+04
6.896857624150326592e+04
6.908840888003022701e+04
6.919972168786589464e+04
6.932212686558709538e+04
6.943050797036822769e+04
6.953495913708371518e+04
6.964604099816673261e+04
6.975468208735808730e+04
6.986719111318430805e+04
6.997997262945503462e+04
7.010698533777146076e+04
7.021441656501160469e+04
7.032798898482295044e+04
7.044563974338045227e+04
7.055740315057979024e+04
7.067257191893144045e+04
7.078512502938939724e+04
7.089250343425059691e+04
7.100507053388327768e+04
7.112032781274893205e+04
7.122775483619530860e+04
7.134456287720802356e+04
7.145639208034622425e+04
7.157464510608428100e+04
7.168460321081087750e+04
7.179490537924737146e+04
7.190415201677478035e+04
7.201805136479169596e+04
7.212407651701160648e+04
7.224343760940029460e+04
7.236593996547898860e+04
7.246944348668573366e+04
7.258080033822101541e+04
7.268837616448164044e+04
7.279555515904753702e+04
7.291141368616264663e+04
7.302566179443804140e+04
7.313991815180610865e+04
7.324781448589307547e+04
7.336143642923279549e+04
7.347695915607543429e+04
7.358760077984572854e+04
7.370304540932489908e+04
7.382088584551670647e+04
7.393614427831854846e+04
7.405262563977477839e+04
7.416593456094384601e+04
7.428140651995997177e+04
7.439585209987722919e+04
7.450379584907763638e+04
7.462013327280241356e+04
7.473452307332928467e+04
7.485358787158588530e+04
7.497578487528250844e+04
7.509263839705091959e+04
7.520616797169514757e+04
7.532942807982965314e+04
7.544332608656413504e+04
7.555557192200043937e+04
7.567741979384447041e+04
7.578459871913146344e+04
7.590196278322125727e+04
7.601073724583904550e+04
7.611859428014716832e+04
7.622937682858416520e+04
7.635248709349169803e+04
7.646774695918132784e+04
7.657563845024837065e+04
7.669126330970188428e+04
7.679831668907043058e+04
7.692283499133092118e+04
7.703495563823072007e+04
7.715147600812280143e+04
7.726940425721902284e+04
7.738808617649537337e+04
7.751226734837709228e+04
7.762377884342778998e+04
7.774482345255794644e+04
7.785828203943105473e+04
7.797022873920210986e+04
7.808405540263294824e+04
7.819973087388630665e+04
7.830954236357819173e+04
7.842133526208496187e+04
7.853876696513409843e+04
7.865240421316746506e+04
7.877048547521365981e+04
7.888212450761601212e+04
7.898523419828324404e+04
7.909954378392492072e+04
7.922060049868028727e+04
7.932605574357138539e+04
7.944508836209919536e+04
7.956329094974404143e+04
7.966848794847144745e+04
7.977652294751853333e+04
7.989216415256823529e+04
8.001025484459217114e+04
8.012408009537991893e+04
8.023904635441263963e+04
8.035983165642889799e+04
8.047129339301529399e+04
8.058542044823295146e+04
8.069871577528033231e+04
8.080951019180197909e+04
8.091940750809828751e+04
8.102992475397499220e+04
8.114504285133373924e+04
8.126204628815333126e+04
8.138025590874699992e+04
8.149878127786275581e+04
8.161007283028184611e+04
8.172955852931326081e+04
8.183803787882652250e+04
8.194944084565047524e+04
8.206006726141477702e+04
8.217552130927177495e+04
8.229413670356408693e+04
8.241620838158340484e+04
8.252709191146807279e+04
8.263871698074512824e+04
8.275978255880776851e+04
8.287122683527697518e+04
8.298217623518059554e+04
8.309837719112787454e+04
8.320837289461624459e+04
8.332553071059961803e+04
8.343923600034386618e+04
8.354330910946929362e+04
8.366714371665407089e+04
8.377845204908977030e+04
8.388951519908804039e+04
8.400883428015705431e+04
8.412086350489917095e+04
8.422693524805942434e+04
8.433854106281927670e+04
8.445974117077421397e+04
8.457790076308436983e+04
8.468915450768766459e+04
8.481114598775478953e+04
8.491565954941726523e+04
8.504734777038733591e+04
8.516127476091963763e+04
8.526883792364255351e+04
8.537131558290348039e+04
8.547872304589420673e+04
8.559718731176480651e+04
8.571149996412929613e+04
8.582583600390583160e+04
8.594031674239410495e+04
8.605320956300290709e+04
8.617577618509343301e+04
8.629793398441858881e+04
8.642049962356517790e+04
8.652929693888915062e+04
8.664084731755600660e+04
8.675273824265114672e+04
8.686919742727927223e+04
8.697883218353579286e+04
8.709374741757266747e+04
8.721166305056723650e+04
8.732242437758122105e+04
8.742873794202061254e+04
8.754015324704498926e+04
8.764939166200610634e+04
8.775465037213632604e+04
8.788372539123069146e+04
8.799229036442696815e+04
8.809905308974259242e+04
8.821136363789507595e+04
8.832903038401796948e+04
8.844123669206780323e+04
8.856012447728576080e+04
8.867921180540414935e+04
8.878775343924589106e+04
8.890039042918136693e+04
8.901815744949725922e+04
8.913327254639446619e+04
8.926246459199834499e+04
8.937291540964976593e+04
8.948408990089016152e+04
8.959870385021183756e+04
8.971357674154380220e+04
8.982370470878524065e+04
8.993856179811058973e+04
9.005918392808242061e+04
9.017056295841062092e+04
9.029152094584060251e+04
9.040174201964726672e+04
9.052025753336386697e+04
9.063158823015492817e+04
9.074363721818948397e+04
9.085248073155251041e+04
9.096157730053242994e+04
9.108621065939706750e+04
9.120319899532712589e+04
9.131423576178653457e+04
9.142910666173984646e+04
9.153861692464249791e+04
9.165930775826839090e+04
9.177737729621469043e+04
9.189187014024434029e+04
9.200741318144375691e+04
9.211133289916477224e+04
9.223751219599130854e+04
9.235812648327133502e+04
9.247327996207331307e+04
9.258458154782827478e+04
9.270405529006982397e+04
9.280786320365814026e+04
9.293880001860261837e+04
9.306539201881131157e+04
9.316956517857247673e+04
9.329435503341286676e+04
9.341121087238902692e+04
9.352569505539769307e+04
9.363120914686334436e+04
9.373543126748324721e+04
9.385251385792200745e+04
9.395852250892639859e+04
9.406955635903590883e+04
9.417814754500977870e+04
9.429693752343520464e+04
9.440671281772245129e+04
9.452604739912260266e+04
9.463939173410233343e+04
9.475888302315423789e+04
9.487101199712703237e+04
9.498457957780873403e+04
9.510499217311191023e+04
9.521923476988391485e+04
9.533256800413837482e+04
9.544318584034210653e+04
9.556508676455916429e+04
9.566902245188862435e+04
9.577736878217813501e+04
9.588913305190755636e+04
9.600697540416204720e+04
9.611994169828461600e+04
9.623336049071970046e+04
9.634825504907646973e+04
9.646258630224069930e+04
9.657566882225335576e+04
9.668878498725259851e+04
9.680612016430147924e+04
9.692391795147635275e+04
9.704099325549464265e+04
9.714432710618196870e+04
9.725739492071788118e+04
9.736600262192492664e+04
9.748643588315734814e+04
9.759809609261649894e+04
9.771600655255689344e+04
9.783355348402267555e+04
9.794572005125884607e+04
9.806976117477090156e+04
9.819542233705784020e+04
9.830607941821376153e+04
9.842299593814044783e+04
9.854405238238048332e+04
9.866500323860149365e+04
9.877266237175621791e+04
9.889815393089262943e+04
9.900929555196617730e+04
9.912245660808919638e+04
9.923953981639868289e+04
9.936246431018100702e+04
9.947277964852227888e+04
9.959602351142725092e+04
9.971630091315873142e+04
9.982599926300584048e+04
9.993316898641934677e+04
1.000458782860236242e+05
1.001571736442007677e+05
1.002699047351822373e+05
1.003914508260516741e+05
1.005097688193586073e+05
1.006159855206221109e+05
1.007314479618144978e+05
1.008487065300784307e+05
1.009639416443697992e+05
1.010762734320921445e+05
1.011896749035788234e+05
1.013149097530835134e+05
1.014298517725069541e+05
1.015378635681369051e+05
1.016546385538050818e+05
1.017644282596685371e+05
1.018759694870066451e+05
1.020055462158073933e+05
1.021165387358721346e+05
1.022265149491695920e+05
1.023416582062116213e+05
1.024469875567018753e+05
1.025651290507093072e+05
1.026741548352528043e+05
1.027919840417011001e+05
1.029044118511442648e+05
1.030242160713984631e+05
1.031356804979239241e+05
1.032415362344180758e+05
1.033460572692461574e+05
1.034632285157870938e+05
1.035701033429252857e+05
1.036774402646407834e+05
1.037979579658711591e+05
1.039137544625727460e+05
1.040257030834717880e+05
1.041431114874532796e+05
1.042596285460062500e+05
1.043673334702990105e+05
1.044754018732355471e+05
1.045956732271838264e+05
1.047071044181308971e+05
1.048258305396301148e+05
1.049387136505019007e+05
1.050461673652999307e+05
1.051631966518498375e+05
1.052736648217902839e+05
1.053882101754651812e+05
1.055097344124621450e+05
1.056260294377446407e+05
1.057378284424880549e+05
1.058465970455937786e+05
1.059671350031017791e+05
1.060734302902803465e+05
1.061837472550740495e+05
1.062960894703754457e+05
1.064104157469351048e+05
1.065227725001612562e+05
1.066372290390611306e+05
1.067531729626130254e+05
1.068672689121274743e+05
1.069841554194593919e+05
1.070911326050589560e+05
1.072050584912491322e+05
1.073096688423242013e+05
1.074304070447895647e+05
1.075424697698543896e+05
1.076520506385191547e+05
1.077632938158453180e+05
1.078729465176087542e+05
1.079859470428688510e+05
1.081027244720211602e+05
1.082187267753627966e+05
1.083320189128957136e+05
1.084513630837655073e+05
1.085727223093067441e+05
1.086772074671501468e+05
1.087954094787223003e+05
1.089170656853195542e+05
1.090368288945861568e+05
1.091535840458157181e+05
1.092593517148573301e+05
1.093759413071379386e+05
1.094924046051354235e+05
1.095989190279619506e+05
1.097111815289893420e+05
1.098273918336788629e+05
1.099363044428257126e+05
1.100497354555591592e+05
1.101599868450933282e+05
1.102648235989975947e+05
1.103802427933792642e+05
1.104980989394524950e+05
1.106049706612705486e+05
1.107109754042360437e+05
1.108313796746936714e+05
1.109417212521749316e+05
1.110588449457108218e+05
1.111691301297695172e+05
1.112867879012653866e+05
1.113991831294864678e+05
1.115111264255289134e+05
1.116238047889970476e+05
1.117325379023995629e+05
1.118454397413701372e+05
1.119603378437892243e+05
1.120757847321322333e+05
1.121899804456139973e+05
1.122946331904075487e+05
1.124107792138173681e+05
1.125263974761162099e+05
1.126324063671296608e+05
1.127376368920160603e+05
1.128494676898860635e+05
1.129619514531664317e+05
1.130758018125483213e+05
1.131973080360473250e+05
1.133208008089550276e+05
1.134328779358893662e+05
1.135470139469068963e+05
1.136627171812977322e+05
1.137743563516297872e+05
1.138877656423212611e+05
1.139985038902949454e+05
