5.191387245993941413e+00
2.254278558967042301e+01
1.482143507787499104e+01
3.025982261547262908e+00
1.492376857300183879e+00
1.928815352595485644e+00
9.819667887527415706e-01
4.823989546714855248e-01
8.113780875679658944e-02
1.544397952406775451e-02
5.962030214255273353e-02
3.585210011179684741e-02
5.952421693291830296e-02
3.825322934555967780e-02
5.403905734231087554e-02
6.368176357778397752e-03
4.554576389126230301e-05
1.972806804497587938e-08
5.175109918283583127e-13
8.221537180592149180e-19
7.910153237693106870e-26
4.609090054295984275e-34
1.626461979176931556e-43
3.475930325093405477e-54
4.498799461461609437e-66
3.526311160096123795e-79
1.673952205133552763e-93
1.235379700522590354e-89
1.248873850803466160e-75
7.646014353229137386e-63
2.834980464930018221e-51
6.365953432688523705e-41
8.657156514076783101e-32
7.129933942425585728e-24
3.556265431382835583e-17
1.074239841162444814e-11
1.965200054710079240e-07
2.177262060115648041e-04
1.460875034185225504e-02
5.936272855210753679e-02
