5.252100840336134877e-03
7.352941176470588133e-03
8.403361344537814762e-03
1.470588235294117627e-02
4.201680672268907381e-03
2.836134453781512590e-02
2.941176470588235253e-02
3.781512605042016556e-02
4.831932773109243878e-02
3.361344537815125905e-02
1.050420168067226975e-02
1.260504201680672301e-02
2.100840336134453690e-03
4.201680672268907381e-03
2.100840336134453690e-03
5.252100840336134877e-03
4.201680672268907381e-03
2.100840336134453690e-03
5.252100840336134877e-03
4.936974789915966194e-02
